auct_id;$KM-K-Means
1;4
3;4
4;4
5;1
6;4
7;4
8;1
9;1
14;1
15;1
18;1
20;1
22;1
24;1
25;1
26;1
27;1
29;1
31;1
32;1
35;1
36;1
37;1
39;1
40;1
43;1
45;1
46;1
48;1
49;1
52;1
61;1
63;1
64;1
65;1
66;1
67;1
70;1
71;1
72;1
73;1
74;1
76;1
79;1
80;1
81;1
84;1
85;4
86;1
87;1
89;1
92;1
95;1
96;1
99;1
100;1
103;1
109;1
112;4
117;1
118;1
123;1
127;1
128;4
130;1
131;1
135;1
137;1
138;1
142;1
143;1
145;4
146;1
148;1
150;1
152;1
153;1
154;1
155;1
157;1
159;1
160;1
161;1
162;1
167;1
169;1
170;4
173;1
174;1
176;1
179;1
182;1
183;1
185;1
187;1
188;1
189;1
190;4
191;1
193;1
194;4
198;1
200;1
202;1
204;1
205;1
207;1
208;1
210;1
211;1
213;1
216;1
217;1
218;1
219;1
221;4
222;1
224;1
225;1
226;1
227;1
229;1
236;1
239;1
240;1
241;1
242;1
245;1
246;1
248;1
249;1
250;1
251;1
255;1
256;1
257;1
259;1
261;1
262;1
263;1
265;1
266;1
268;1
269;1
271;1
272;4
274;1
275;1
276;1
277;1
278;1
279;1
280;1
281;1
282;1
284;1
285;1
287;1
288;1
290;1
292;1
296;1
306;1
311;1
312;1
318;1
321;1
322;1
323;4
324;1
326;4
329;1
331;1
332;4
334;1
336;1
337;1
339;1
341;4
342;1
343;1
344;1
346;1
347;1
351;1
353;1
354;1
357;1
358;1
359;1
364;1
370;1
372;1
374;1
375;1
377;1
379;4
382;1
386;1
388;1
391;1
392;1
393;1
397;1
398;1
401;1
402;1
403;1
404;1
407;1
412;4
415;1
416;1
419;1
421;1
422;1
426;1
427;1
428;1
429;1
430;1
431;1
434;1
436;1
437;1
440;4
441;4
443;1
444;1
445;1
447;1
448;4
449;1
450;1
452;1
455;1
460;1
462;1
463;1
464;1
466;1
468;1
470;1
476;1
478;1
480;4
481;1
482;1
487;1
489;1
491;1
494;1
497;1
501;1
502;1
503;1
505;1
506;1
507;1
509;1
510;1
513;1
516;1
517;1
518;1
520;1
521;1
524;1
525;1
528;1
530;1
533;1
535;1
539;1
543;4
545;1
546;1
549;1
550;1
552;1
553;1
556;1
557;1
559;1
560;4
563;1
564;1
565;1
566;4
568;4
570;1
575;1
577;1
578;1
579;1
584;1
585;1
586;1
587;1
589;1
590;4
592;1
599;1
600;1
601;1
602;4
604;1
605;1
607;1
608;4
617;1
619;1
620;1
621;1
622;1
623;1
624;1
625;4
630;1
632;1
633;1
634;1
635;1
637;1
639;1
646;1
648;1
649;1
651;1
653;1
658;1
661;1
662;1
663;1
667;1
671;1
673;1
674;1
676;1
681;1
682;4
683;1
684;4
687;4
688;4
689;4
692;1
693;4
695;1
696;1
697;1
698;1
699;1
700;4
701;1
702;1
704;1
705;1
706;1
707;1
715;1
718;1
719;1
720;1
722;1
723;4
724;1
728;1
730;1
731;1
733;1
734;1
739;1
741;1
742;1
743;1
747;1
748;1
749;1
750;1
754;1
756;4
757;1
761;1
763;1
765;1
767;1
769;1
770;1
772;1
773;1
778;1
779;1
781;1
782;1
784;1
786;1
791;1
792;1
793;4
796;1
797;1
803;1
808;1
811;1
812;1
813;1
814;1
816;1
817;1
818;1
819;1
821;1
822;1
823;1
824;1
825;4
826;1
832;1
833;1
839;1
841;1
845;1
847;1
848;1
854;1
855;1
859;1
863;1
864;1
865;1
867;1
869;1
878;1
879;1
881;1
882;1
883;1
884;1
885;1
887;4
888;1
889;1
890;1
891;1
893;1
894;1
900;1
902;1
903;1
906;1
907;1
908;1
909;1
915;1
917;1
918;1
919;1
920;1
921;1
922;1
924;1
925;1
928;1
930;1
931;1
932;1
935;1
936;1
938;1
941;1
945;1
951;1
952;1
954;1
955;1
956;1
957;1
959;1
961;1
963;1
964;1
968;1
970;1
971;1
976;1
978;1
980;1
981;1
984;1
985;1
986;1
988;1
989;1
990;1
992;1
993;1
994;1
1004;1
1007;1
1008;1
1009;4
1010;4
1011;1
1017;1
1019;1
1021;1
1022;1
1024;1
1025;1
1026;1
1029;4
1031;1
1032;1
1035;1
1038;1
1039;1
1040;1
1041;1
1045;1
1047;1
1048;1
1049;1
1050;1
1051;1
1056;1
1057;1
1058;1
1061;1
1062;1
1063;1
1065;1
1067;1
1070;1
1075;1
1078;1
1081;1
1082;1
1087;1
1088;1
1089;1
1092;1
1095;1
1096;1
1098;4
1100;1
1101;1
1103;1
1104;1
1105;1
1107;1
1108;4
1109;1
1111;1
1112;1
1116;1
1117;1
1119;1
1122;1
1125;1
1126;1
1127;1
1129;1
1136;1
1139;1
1140;1
1141;1
1144;1
1146;1
1147;1
1149;1
1151;1
1152;1
1158;1
1159;1
1160;1
1164;1
1167;1
1169;4
1171;1
1175;1
1178;1
1179;1
1184;1
1185;1
1187;1
1188;1
1189;1
1190;1
1191;1
1192;1
1197;1
1198;1
1199;1
1200;1
1202;1
1204;1
1211;1
1212;1
1213;1
1214;1
1217;1
1219;4
1223;1
1225;4
1228;1
1229;1
1232;1
1233;1
1234;1
1237;1
1238;1
1243;1
1246;1
1248;1
1250;1
1253;1
1256;1
1257;1
1263;1
1265;1
1267;1
1268;1
1271;1
1272;1
1275;1
1277;1
1279;1
1280;1
1281;1
1282;1
1284;1
1285;1
1290;1
1292;1
1295;1
1296;1
1301;1
1303;4
1309;1
1314;4
1315;1
1318;1
1319;4
1322;1
1324;1
1325;1
1327;4
1328;1
1330;1
1331;1
1332;1
1334;1
1335;1
1337;1
1342;1
1343;1
1344;1
1345;1
1350;1
1352;1
1355;1
1356;1
1358;1
1359;1
1360;4
1361;1
1362;1
1364;1
1367;1
1368;1
1369;1
1370;1
1371;1
1372;1
1375;1
1377;1
1379;1
1380;1
1383;1
1384;1
1387;1
1388;1
1389;1
1391;4
1394;1
1395;1
1399;1
1403;1
1405;1
1406;1
1407;4
1408;4
1410;1
1411;1
1414;1
1418;1
1422;4
1423;1
1425;1
1428;1
1430;1
1431;1
1436;1
1437;1
1442;1
1444;1
1447;4
1448;4
1449;4
1451;1
1452;1
1454;4
1460;1
1463;1
1467;1
1468;1
1471;1
1472;1
1473;1
1475;1
1478;1
1479;4
1480;1
1481;1
1482;1
1484;1
1485;1
1486;1
1488;1
1489;1
1491;1
1496;1
1500;1
1501;1
1502;1
1503;1
1505;1
1507;1
1508;1
1510;1
1512;1
1515;1
1517;1
1518;1
1520;1
1522;1
1523;1
1524;4
1525;1
1528;1
1530;1
1531;1
1533;1
1534;1
1536;1
1537;1
1539;1
1541;1
1542;1
1548;1
1551;1
1552;1
1555;1
1556;1
1558;1
1559;1
1560;1
1561;4
1563;1
1564;4
1565;4
1569;1
1573;1
1575;4
1577;1
1578;1
1580;1
1581;1
1582;1
1583;1
1585;1
1589;1
1593;1
1597;1
1601;1
1602;1
1604;1
1606;1
1607;1
1610;1
1611;1
1612;1
1614;4
1616;1
1618;1
1620;1
1622;1
1623;4
1632;1
1635;1
1636;4
1638;4
1639;1
1640;1
1641;1
1643;1
1644;1
1645;4
1646;1
1647;1
1648;4
1649;1
1650;1
1651;1
1652;1
1659;4
1661;1
1666;1
1667;1
1668;1
1671;1
1672;1
1675;1
1678;1
1681;1
1683;1
1684;1
1685;1
1687;1
1688;1
1689;1
1690;1
1691;1
1697;1
1698;1
1699;1
1701;1
1704;4
1707;1
1708;1
1709;1
1712;4
1713;1
1714;1
1715;1
1717;1
1718;1
1721;1
1723;1
1724;4
1726;4
1728;1
1729;1
1730;4
1732;1
1734;1
1737;4
1739;1
1741;1
1742;1
1743;1
1744;4
1750;1
1751;1
1752;4
1753;1
1754;4
1755;1
1758;1
1759;1
1762;1
1764;1
1765;1
1768;1
1769;1
1770;1
1771;1
1772;1
1774;1
1775;1
1779;1
1781;4
1783;1
1784;1
1786;1
1787;1
1791;1
1793;1
1795;1
1796;1
1797;1
1798;1
1799;1
1800;1
1802;1
1803;1
1806;1
1808;1
1809;1
1811;1
1812;1
1815;1
1816;1
1817;1
1818;1
1824;1
1826;1
1828;1
1830;1
1833;1
1834;1
1835;1
1838;1
1840;1
1841;1
1845;1
1848;1
1850;1
1853;4
1854;1
1855;4
1857;1
1858;4
1859;1
1862;1
1863;1
1864;1
1866;1
1872;1
1874;1
1875;1
1876;1
1877;1
1880;1
1883;1
1884;1
1885;1
1889;1
1890;1
1892;1
1894;1
1896;1
1897;1
1898;1
1902;1
1908;1
1910;1
1913;1
1915;1
1918;1
1919;1
1921;1
1922;1
1923;1
1927;1
1930;1
1931;4
1932;1
1933;1
1940;1
1943;1
1946;1
1948;1
1949;4
1952;1
1958;1
1960;1
1961;1
1971;1
1972;1
1973;1
1974;1
1975;1
1976;1
1977;1
1978;1
1979;4
1980;1
1983;1
1984;1
1985;1
1990;1
1991;1
1992;1
1993;1
1994;1
1995;1
1997;1
1999;1
2000;1
2003;4
2004;1
2005;1
2006;1
2007;1
2012;1
2013;1
2015;1
2016;1
2017;4
2018;4
2019;1
2020;1
2022;1
2023;1
2024;1
2026;1
2028;1
2031;1
2032;1
2033;1
2034;1
2036;4
2038;1
2041;1
2043;1
2046;1
2051;1
2052;1
2053;1
2054;1
2058;4
2059;1
2061;4
2062;1
2064;1
2065;1
2068;1
2069;1
2070;1
2071;1
2074;1
2075;1
2076;1
2077;1
2080;1
2081;4
2082;1
2083;1
2084;1
2085;4
2090;1
2091;1
2093;1
2095;1
2098;1
2100;1
2103;1
2106;1
2109;1
2112;1
2113;1
2114;1
2115;1
2118;1
2125;1
2128;1
2130;1
2133;1
2134;1
2136;4
2137;1
2138;1
2142;1
2145;1
2147;1
2148;1
2149;1
2152;1
2154;1
2156;1
2157;1
2159;1
2166;1
2167;1
2168;1
2169;1
2170;1
2171;1
2177;1
2179;1
2180;1
2185;4
2188;1
2189;1
2198;1
2203;1
2205;4
2210;4
2213;1
2216;1
2222;4
2223;4
2226;1
2227;1
2230;1
2232;1
2233;1
2234;1
2235;1
2236;1
2238;1
2241;1
2244;1
2247;1
2248;1
2249;1
2252;1
2256;1
2257;1
2259;1
2260;1
2261;4
2263;4
2264;4
2267;1
2269;4
2271;1
2272;1
2275;1
2276;1
2277;1
2278;1
2279;1
2280;1
2281;1
2282;1
2285;1
2289;1
2294;1
2295;1
2297;1
2299;1
2303;1
2304;1
2306;1
2307;1
2309;1
2310;1
2312;1
2313;1
2317;1
2320;1
2323;1
2325;1
2328;1
2329;1
2340;1
2343;4
2345;1
2346;1
2348;1
2351;1
2352;1
2360;1
2362;1
2364;1
2365;1
2366;1
2367;4
2368;1
2369;1
2371;1
2372;1
2375;4
2376;1
2378;1
2379;1
2380;1
2381;1
2382;4
2383;1
2385;1
2386;1
2387;1
2394;1
2395;1
2396;4
2397;1
2398;1
2400;1
2404;1
2406;1
2408;1
2409;1
2410;1
2411;1
2412;1
2415;1
2416;1
2417;1
2420;1
2421;1
2422;1
2425;1
2426;4
2427;1
2430;1
2431;1
2432;4
2433;1
2435;1
2438;1
2439;4
2440;1
2441;1
2445;1
2446;1
2447;1
2449;1
2451;1
2453;1
2456;1
2457;1
2460;1
2465;1
2466;1
2467;1
2470;4
2471;1
2476;1
2477;1
2478;1
2480;1
2481;4
2486;1
2487;1
2491;1
2497;1
2501;1
2506;1
2508;1
2510;4
2513;1
2516;4
2518;1
2519;1
2520;1
2521;1
2522;1
2524;1
2527;1
2529;4
2530;1
2532;1
2536;1
2537;1
2538;1
2539;1
2542;1
2543;1
2544;1
2549;1
2550;1
2553;1
2555;1
2558;1
2559;1
2560;1
2562;1
2564;4
2565;1
2567;1
2569;1
2570;1
2572;1
2573;1
2575;1
2576;1
2584;1
2585;4
2586;1
2587;1
2588;1
2589;1
2593;1
2594;1
2595;1
2596;4
2597;1
2598;1
2599;1
2600;1
2602;1
2604;4
2606;1
2609;4
2610;1
2611;1
2612;1
2615;1
2617;1
2620;1
2621;1
2624;1
2625;4
2627;1
2631;1
2633;1
2635;1
2636;1
2637;1
2638;1
2639;1
2641;1
2642;1
2643;1
2648;1
2654;1
2656;1
2657;1
2658;1
2661;1
2662;1
2663;1
2664;1
2666;1
2667;4
2670;1
2673;1
2674;1
2678;1
2679;1
2683;1
2688;1
2689;1
2694;4
2695;1
2697;1
2699;1
2702;1
2703;1
2705;1
2706;1
2709;1
2710;1
2714;1
2715;1
2717;1
2720;1
2725;1
2726;1
2727;1
2729;1
2731;1
2732;4
2737;1
2740;1
2741;1
2743;1
2747;1
2749;1
2750;1
2751;1
2752;1
2755;1
2757;1
2759;1
2760;1
2763;1
2766;1
2771;1
2772;1
2773;1
2775;1
2778;1
2779;1
2781;1
2783;1
2784;1
2786;4
2787;1
2789;1
2790;1
2794;1
2795;1
2796;1
2797;1
2798;1
2799;1
2801;1
2802;1
2803;1
2804;1
2805;1
2806;1
2808;1
2810;1
2811;4
2816;1
2821;1
2823;1
2824;1
2825;1
2827;1
2828;1
2830;1
2831;1
2832;1
2834;1
2838;1
2842;1
2845;4
2848;4
2850;1
2855;1
2856;4
2861;1
2862;1
2863;1
2864;1
2867;1
2868;1
2869;1
2870;1
2873;1
2876;1
2878;1
2879;1
2884;1
2885;1
2889;1
2890;1
2894;1
2898;1
2900;1
2901;1
2902;1
2904;1
2905;1
2906;1
2907;1
2908;1
2910;4
2915;4
2919;1
2921;1
2922;1
2925;1
2928;1
2931;1
2939;1
2942;1
2943;1
2945;1
2946;1
2948;1
2950;1
2952;4
2953;4
2954;1
2955;1
2956;1
2959;1
2962;1
2963;4
2972;1
2976;1
2977;4
2978;1
2979;1
2980;4
2983;1
2991;1
2992;1
2994;1
2997;1
3003;1
3005;1
3008;1
3010;1
3011;1
3012;4
3013;1
3015;1
3018;1
3019;1
3021;4
3023;1
3029;1
3031;4
3032;1
3036;1
3039;1
3040;1
3041;4
3049;1
3050;1
3052;1
3053;1
3056;1
3057;1
3059;1
3061;1
3063;4
3064;1
3066;1
3067;1
3069;1
3070;1
3071;1
3076;1
3077;4
3080;4
3081;1
3082;1
3083;1
3086;4
3089;1
3090;1
3091;1
3093;1
3096;1
3097;1
3099;1
3100;1
3109;1
3112;4
3113;4
3114;1
3115;1
3119;1
3122;1
3123;4
3125;1
3126;1
3127;1
3129;1
3130;1
3132;1
3138;4
3140;1
3141;1
3142;1
3143;1
3144;1
3145;1
3155;1
3156;1
3157;1
3162;1
3165;1
3166;1
3168;1
3169;1
3173;1
3174;1
3175;1
3177;1
3178;1
3180;1
3183;4
3186;1
3187;1
3188;1
3189;1
3191;1
3195;1
3197;1
3201;1
3202;1
3206;1
3209;1
3210;1
3212;1
3216;1
3218;1
3219;1
3220;1
3224;1
3225;1
3227;1
3229;1
3231;1
3234;1
3235;1
3236;1
3237;1
3238;1
3241;1
3244;1
3245;4
3246;1
3247;1
3255;1
3256;1
3257;1
3258;1
3259;1
3261;1
3262;1
3263;1
3264;1
3266;1
3267;1
3269;1
3270;1
3272;1
3274;1
3277;1
3279;1
3282;1
3286;1
3287;1
3288;1
3289;1
3290;1
3291;1
3293;1
3295;1
3298;1
3303;1
3306;1
3314;1
3315;1
3320;4
3323;1
3325;1
3332;1
3333;1
3335;1
3337;1
3345;1
3346;4
3348;1
3350;1
3352;1
3353;1
3357;1
3359;1
3362;1
3363;1
3365;1
3366;1
3368;1
3370;1
3372;1
3376;1
3377;1
3378;1
3379;1
3380;1
3382;1
3384;1
3386;1
3388;4
3390;1
3391;1
3392;1
3394;1
3397;1
3398;1
3399;1
3401;1
3402;1
3403;1
3404;1
3409;4
3412;4
3414;1
3416;1
3419;1
3420;1
3422;1
3424;1
3426;1
3427;1
3434;1
3435;1
3436;1
3438;1
3440;1
3441;1
3442;1
3443;1
3445;1
3448;1
3449;1
3450;1
3451;1
3453;4
3454;1
3455;1
3456;1
3457;1
3458;1
3460;1
3463;1
3464;1
3465;1
3470;1
3472;1
3474;1
3476;1
3477;1
3478;1
3482;1
3484;1
3485;1
3487;4
3489;1
3492;1
3499;4
3500;1
3502;1
3504;1
3505;1
3506;1
3508;1
3512;1
3513;1
3514;4
3515;1
3517;1
3522;1
3523;1
3524;1
3525;1
3526;1
3532;1
3533;1
3534;1
3537;1
3538;1
3539;4
3543;1
3546;1
3548;1
3549;1
3551;1
3553;1
3554;1
3555;1
3557;1
3558;1
3559;1
3561;1
3562;1
3563;1
3565;1
3566;4
3567;1
3568;4
3571;1
3572;1
3575;1
3577;1
3579;1
3581;1
3582;1
3583;1
3584;1
3586;1
3587;1
3590;4
3591;1
3592;1
3594;1
3596;1
3597;1
3602;1
3604;1
3606;4
3610;1
3611;4
3612;4
3615;1
3616;4
3617;4
3625;4
3628;4
3629;1
3630;1
3632;4
3633;1
3636;1
3638;1
3639;1
3640;1
3642;1
3644;1
3647;4
3648;4
3650;4
3653;4
3657;4
3659;4
3662;1
3663;1
3665;1
3668;1
3669;1
3670;1
3671;1
3672;1
3673;1
3677;4
3678;4
3679;1
3681;1
3685;1
3689;4
3690;4
3691;4
3693;1
3704;1
3705;1
3706;1
3707;1
3711;4
3712;4
3713;4
3716;4
3717;4
3720;4
3723;4
3725;4
3727;1
3728;4
3729;4
3730;1
3731;1
3732;1
3733;1
3738;4
3739;1
3743;1
3744;4
3747;1
3748;1
3749;1
3753;1
3754;1
3755;1
3759;1
3763;4
3766;1
3767;1
3768;1
3769;1
3771;1
3773;1
3774;1
3775;1
3780;1
3781;1
3782;1
3783;1
3786;1
3787;1
3788;1
3790;1
3793;4
3794;1
3797;1
3798;1
3800;1
3803;1
3808;1
3812;1
3815;1
3817;1
3818;1
3819;1
3820;1
3821;1
3822;1
3824;1
3825;1
3826;1
3829;1
3833;1
3835;1
3837;1
3840;1
3842;1
3843;1
3844;1
3846;1
3851;1
3852;1
3853;1
3855;1
3858;4
3859;1
3860;1
3861;1
3864;1
3865;1
3869;1
3871;1
3872;1
3877;1
3878;1
3879;1
3880;1
3883;1
3886;1
3887;1
3890;1
3893;1
3895;1
3896;1
3900;4
3902;1
3904;1
3907;1
3909;1
3910;1
3914;1
3917;1
3918;1
3919;1
3921;4
3923;1
3925;1
3927;4
3930;1
3931;1
3932;1
3934;1
3935;1
3940;1
3942;1
3943;1
3946;1
3951;4
3954;1
3956;1
3959;1
3960;1
3961;1
3963;1
3965;1
3966;4
3968;1
3969;1
3971;1
3973;1
3979;4
3981;1
3983;1
3984;1
3985;1
3986;1
3990;1
3992;1
3993;4
3996;1
3997;1
3999;1
4001;1
4002;1
4004;1
4006;1
4007;1
4008;1
4009;1
4010;1
4013;1
4014;1
4015;1
4016;1
4018;1
4019;1
4020;1
4021;1
4022;1
4027;1
4029;1
4032;1
4037;1
4038;1
4040;1
4041;1
4043;4
4050;1
4051;1
4052;1
4053;4
4056;1
4057;1
4060;4
4061;1
4066;1
4067;1
4068;1
4069;4
4074;1
4081;4
4086;4
4089;1
4090;1
4091;1
4092;1
4093;1
4094;1
4095;4
4098;1
4099;1
4102;1
4103;4
4104;1
4106;1
4107;4
4109;1
4110;1
4111;1
4113;1
4114;1
4117;4
4118;1
4119;1
4121;1
4123;4
4124;1
4127;1
4131;1
4132;1
4134;1
4135;1
4137;1
4139;1
4144;1
4148;1
4153;1
4156;1
4157;1
4158;4
4159;1
4163;1
4164;1
4165;1
4167;1
4168;4
4173;1
4175;1
4182;1
4183;1
4184;1
4192;4
4196;1
4197;1
4199;1
4201;1
4202;1
4204;1
4209;1
4214;1
4217;1
4219;1
4220;1
4221;4
4222;1
4223;1
4225;4
4227;1
4228;1
4229;1
4231;1
4232;1
4234;1
4236;1
4237;1
4239;1
4240;1
4242;1
4245;4
4246;1
4247;1
4250;1
4251;1
4255;1
4261;4
4263;4
4264;1
4266;1
4270;4
4279;1
4283;4
4286;1
4287;1
4288;1
4292;1
4293;1
4297;1
4298;1
4303;1
4306;1
4307;1
4308;1
4314;4
4315;1
4321;1
4324;4
4326;1
4328;4
4329;1
4336;4
4340;4
4342;4
4344;1
4346;4
4347;1
4348;1
4355;1
4366;4
4369;4
4371;4
4375;1
4378;1
4383;1
4384;4
4385;1
4386;4
4388;1
4389;1
4391;4
4396;1
4397;1
4401;1
4402;1
4407;1
4409;1
4410;1
4412;1
4413;1
4419;1
4420;1
4421;4
4424;1
4427;1
4428;1
4429;1
4435;4
4439;4
4440;1
4441;1
4443;1
4444;1
4446;1
4447;1
4448;1
4452;1
4454;1
4455;1
4456;1
4460;1
4461;1
4462;4
4464;4
4465;1
4466;1
4468;1
4469;1
4470;1
4471;1
4475;1
4476;1
4481;1
4482;1
4483;1
4485;1
4486;1
4492;1
4494;1
4496;1
4499;1
4501;4
4503;1
4506;1
4509;1
4511;4
4512;4
4515;1
4520;1
4521;4
4522;1
4523;1
4524;1
4528;4
4529;1
4534;1
4538;4
4539;4
4546;4
4549;4
4551;4
4552;1
4553;1
4556;1
4557;1
4558;1
4559;4
4561;1
4562;1
4564;1
4566;1
4568;4
4573;1
4576;1
4580;1
4581;1
4584;1
4587;1
4588;1
4589;4
4590;1
4591;4
4593;1
4594;4
4598;1
4599;1
4600;4
4603;4
4606;4
4612;1
4625;1
4627;4
4630;1
4631;1
4632;1
4634;1
4635;1
4636;4
4637;1
4639;1
4640;1
4643;1
4644;4
4646;1
4655;4
4656;1
4659;1
4666;1
4668;1
4669;1
4670;1
4671;1
4672;1
4674;1
4675;1
4677;1
4682;1
4683;1
4684;1
4686;1
4689;1
4691;1
4695;1
4698;1
4702;1
4703;4
4705;4
4707;4
4708;4
4709;1
4710;4
4712;1
4715;4
4718;1
4719;1
4724;1
4725;4
4726;4
4730;1
4731;1
4732;1
4735;1
4737;1
4738;1
4740;1
4741;1
4742;1
4744;1
4746;1
4747;1
4750;1
4752;4
4753;1
4758;1
4759;1
4760;1
4761;1
4763;1
4764;1
4767;1
4768;1
4770;1
4773;1
4774;1
4776;1
4778;1
4781;1
4783;1
4788;1
4790;1
4792;4
4794;1
4795;1
4798;1
4802;1
4804;1
4805;1
4809;4
4810;1
4812;1
4813;1
4814;4
4815;1
4817;1
4819;1
4821;1
4824;1
4825;1
4827;1
4828;1
4829;1
4832;1
4833;1
4835;1
4836;1
4838;1
4839;1
4841;1
4843;1
4844;4
4846;4
4849;1
4851;1
4852;1
4853;1
4854;4
4855;1
4856;1
4859;1
4860;1
4863;1
4864;1
4871;1
4872;1
4874;1
4875;1
4876;1
4884;1
4885;1
4886;1
4887;1
4888;1
4889;1
4895;4
4897;1
4899;1
4900;1
4901;4
4905;4
4907;1
4909;1
4910;1
4911;1
4914;1
4915;1
4916;1
4918;1
4919;1
4920;1
4922;1
4924;4
4925;1
4928;1
4930;1
4932;1
4933;1
4935;4
4936;1
4940;1
4942;1
4943;1
4946;1
4948;1
4949;1
4950;1
4951;1
4952;1
4954;4
4955;1
4956;1
4957;1
4958;1
4959;1
4960;1
4962;1
4963;1
4964;1
4968;1
4969;1
4975;1
4976;1
4978;1
4979;1
4982;1
4983;1
4984;1
4986;1
4987;1
4988;1
4992;1
4993;1
4996;1
4997;4
4998;4
4999;1
5001;1
5003;1
5008;1
5009;1
5011;1
5012;1
5015;1
5023;1
5025;1
5027;1
5032;3
5033;1
5034;1
5038;1
5040;1
5044;1
5045;1
5047;4
5048;1
5049;1
5051;1
5055;1
5058;1
5059;1
5060;1
5061;1
5062;1
5064;1
5065;1
5067;1
5069;1
5073;1
5078;1
5082;1
5090;1
5093;1
5094;1
5095;1
5096;1
5101;1
5103;1
5106;1
5107;1
5108;4
5109;1
5110;1
5113;1
5115;4
5116;4
5118;4
5120;4
5122;1
5124;1
5127;1
5129;1
5131;1
5134;1
5135;1
5139;3
5140;1
5141;1
5143;1
5146;1
5148;1
5149;1
5151;1
5154;1
5156;1
5159;1
5163;4
5164;3
5165;3
5168;3
5169;1
5170;1
5171;1
5173;3
5174;1
5176;1
5180;1
5181;1
5182;1
5183;1
5189;1
5190;3
5194;3
5199;2
5202;3
5203;2
5204;3
5207;3
5209;3
5214;3
5215;3
5216;3
5217;3
5218;3
5221;3
5222;3
5224;3
5228;3
5229;2
5232;3
5233;3
5234;3
5235;3
5236;3
5240;3
5241;2
5243;3
5244;3
5246;3
5247;3
5248;3
5249;3
5253;3
5255;3
5257;3
5258;3
5260;3
5261;3
5263;3
5264;3
5265;2
5267;3
5268;3
5269;3
5271;3
5274;3
5275;2
5276;3
5277;3
5279;3
5280;2
5285;3
5286;3
5287;3
5288;3
5289;3
5290;2
5291;3
5292;3
5293;3
5294;3
5296;3
5297;3
5298;3
5301;3
5304;3
5305;3
5307;3
5310;3
5312;3
5315;3
5317;3
5318;3
5319;3
5320;3
5322;3
5323;3
5325;3
5328;3
5334;3
5336;3
5338;3
5339;2
5340;3
5341;3
5345;3
5352;3
5358;3
5359;3
5360;3
5363;3
5365;3
5367;3
5369;2
5370;3
5371;3
5372;3
5375;3
5378;3
5382;3
5384;3
5385;3
5386;3
5389;3
5390;3
5391;3
5393;3
5396;3
5398;3
5399;3
5400;3
5401;3
5402;3
5408;3
5409;3
5411;3
5413;3
5414;3
5415;3
5417;3
5420;3
5423;3
5425;3
5427;3
5429;3
5430;3
5431;3
5432;3
5436;3
5444;3
5445;3
5446;2
5448;3
5449;3
5451;3
5453;3
5455;3
5456;3
5458;3
5460;3
5462;3
5463;3
5466;3
5467;3
5468;3
5470;3
5471;3
5475;3
5478;3
5479;3
5480;3
5481;3
5483;3
5486;3
5487;3
5491;3
5492;2
5493;2
5495;3
5496;2
5497;3
5499;3
5500;3
5508;3
5509;3
5512;3
5513;3
5516;2
5517;3
5518;3
5519;3
5520;2
5524;3
5525;3
5526;3
5527;3
5528;3
5529;3
5536;3
5537;3
5538;3
5540;3
5542;3
5543;3
5546;3
5547;3
5548;3
5549;3
5551;2
5555;3
5556;3
5559;3
5561;3
5563;3
5565;2
5567;3
5568;3
5571;3
5572;3
5573;3
5574;3
5580;3
5583;3
5584;3
5587;3
5588;3
5589;3
5591;3
5592;3
5593;2
5600;2
5603;3
5605;3
5606;3
5608;3
5609;3
5611;3
5612;3
5614;3
5617;3
5618;3
5619;3
5620;3
5625;3
5626;3
5627;3
5628;3
5630;3
5633;3
5634;3
5635;3
5638;3
5641;3
5645;3
5647;3
5649;3
5652;3
5653;3
5655;3
5656;3
5659;3
5660;3
5671;3
5672;3
5677;3
5678;3
5679;3
5680;2
5682;3
5684;3
5686;3
5687;3
5689;3
5690;3
5692;3
5694;2
5695;3
5700;3
5701;3
5702;3
5703;2
5705;3
5706;3
5707;3
5708;3
5709;3
5710;3
5712;3
5714;3
5717;3
5720;3
5722;3
5725;3
5726;3
5727;3
5730;3
5735;3
5736;3
5739;3
5741;2
5742;2
5743;3
5744;3
5746;3
5747;3
5749;3
5751;3
5753;3
5755;3
5756;3
5757;3
5758;3
5762;3
5763;3
5765;3
5767;3
5769;3
5771;3
5773;3
5774;3
5776;3
5779;3
5783;3
5787;3
5788;3
5789;3
5793;3
5795;3
5796;3
5799;3
5801;3
5802;3
5808;3
5810;3
5811;3
5812;3
5818;3
5819;3
5821;3
5822;3
5827;3
5829;3
5830;3
5832;3
5836;3
5838;3
5839;3
5840;3
5841;3
5844;3
5845;2
5846;3
5847;2
5850;3
5851;3
5852;3
5853;3
5855;3
5857;3
5858;2
5864;3
5867;3
5868;3
5869;3
5871;3
5872;3
5873;3
5876;3
5879;3
5880;3
5883;3
5884;3
5885;3
5887;3
5889;3
5891;2
5892;3
5894;3
5895;3
5896;2
5898;3
5899;3
5900;3
5901;3
5907;2
5909;3
5911;3
5917;3
5921;3
5922;3
5925;3
5928;3
5931;3
5933;3
5934;3
5942;3
5945;3
5946;3
5948;3
5951;3
5952;3
5954;3
5955;3
5957;2
5959;3
5960;3
5961;3
5964;3
5965;3
5966;2
5968;3
5969;3
5970;3
5971;3
5976;3
5977;3
5979;2
5980;3
5982;2
5984;3
5985;3
5986;3
5989;3
5990;3
5996;3
5997;3
6001;3
6004;2
6010;3
6011;3
6012;3
6013;3
6015;3
6016;2
6019;3
6020;3
6021;3
6023;3
6024;3
6025;3
6026;2
6027;3
6033;3
6038;3
6041;3
6042;3
6052;3
6053;3
6054;2
6058;3
6061;3
6062;3
6065;3
6066;3
6067;3
6070;3
6071;3
6074;3
6075;3
6077;3
6079;3
6082;3
6084;3
6085;3
6087;3
6090;3
6091;3
6094;3
6095;3
6096;3
6097;3
6100;3
6103;3
6104;3
6106;3
6109;3
6111;3
6115;3
6117;3
6119;3
6121;3
6127;3
6133;3
6136;3
6139;3
6140;2
6141;3
6142;3
6144;3
6145;3
6147;3
6150;3
6153;3
6155;3
6156;3
6158;2
6160;3
6162;3
6166;3
6168;3
6169;3
6170;3
6172;3
6176;3
6179;3
6182;3
6184;3
6185;3
6186;3
6187;3
6188;3
6191;3
6192;3
6193;3
6194;3
6196;2
6197;3
6199;3
6201;3
6202;3
6204;3
6206;3
6208;3
6210;3
6211;3
6212;3
6213;3
6216;3
6217;3
6218;2
6221;3
6223;3
6224;3
6225;3
6226;3
6230;3
6235;3
6237;2
6238;2
6243;3
6244;3
6249;3
6252;3
6256;3
6257;3
6258;3
6260;3
6263;3
6266;3
6267;2
6268;2
6269;3
6270;3
6272;3
6274;3
6275;3
6276;3
6277;3
6278;3
6281;3
6284;3
6289;3
6290;2
6297;3
6298;3
6299;3
6300;3
6304;3
6305;3
6306;3
6307;3
6308;3
6313;3
6315;3
6317;2
6318;3
6319;3
6320;3
6321;3
6323;3
6324;3
6325;3
6326;3
6328;3
6331;3
6333;3
6334;3
6338;3
6340;2
6341;2
6343;2
6344;3
6347;3
6349;3
6352;3
6355;3
6356;3
6358;3
6359;3
6360;3
6361;3
6363;3
6364;3
6367;3
6368;2
6369;3
6371;3
6372;3
6374;3
6375;3
6382;3
6384;3
6385;3
6386;3
6388;3
6389;3
6390;3
6391;2
6392;3
6395;3
6396;3
6397;3
6399;2
6400;3
6401;3
6403;3
6404;2
6410;3
6414;3
6415;3
6416;3
6418;3
6419;3
6424;3
6427;2
6429;3
6432;3
6433;3
6437;3
6440;3
6442;3
6444;3
6445;3
6447;3
6452;3
6453;3
6456;3
6460;3
6463;2
6465;3
6466;3
6467;3
6471;2
6473;3
6475;3
6479;3
6480;3
6482;3
6483;3
6484;3
6485;3
6488;3
6490;3
6492;3
6494;3
6497;3
6498;3
6500;3
6501;3
6507;3
6509;3
6510;3
6511;3
6518;3
6520;3
6523;3
6524;3
6525;3
6527;3
6528;2
6531;3
6533;3
6534;3
6535;3
6536;3
6538;3
6540;3
6542;3
6543;3
6546;3
6547;3
6557;3
6563;3
6565;3
6567;3
6571;3
6575;2
6578;3
6581;3
6582;2
6583;3
6584;3
6585;3
6587;3
6589;3
6591;3
6592;3
6593;2
6594;3
6597;3
6602;3
6605;3
6608;3
6610;3
6613;3
6614;3
6615;2
6621;3
6623;3
6624;3
6626;3
6628;3
6629;3
6631;3
6633;3
6635;3
6636;3
6637;3
6638;3
6640;3
6641;3
6646;3
6647;3
6649;2
6650;3
6651;3
6652;3
6653;3
6654;3
6657;3
6658;3
6659;3
6663;3
6664;3
6671;3
6672;3
6673;3
6674;3
6675;3
6676;3
6677;2
6678;3
6684;3
6690;3
6691;3
6692;2
6694;3
6695;3
6696;3
6697;3
6698;3
6701;3
6702;3
6706;3
6707;3
6711;3
6712;3
6716;3
6717;3
6718;3
6721;3
6723;3
6724;3
6725;3
6727;3
6728;3
6729;3
6730;3
6731;3
6734;3
6735;3
6736;3
6739;3
6740;3
6741;3
6742;3
6744;3
6745;3
6747;3
6749;3
6750;3
6752;3
6754;3
6755;3
6756;3
6758;2
6759;2
6761;3
6762;3
6763;2
6765;3
6766;3
6768;3
6770;3
6771;3
6772;3
6773;3
6774;3
6775;3
6776;3
6777;2
6779;3
6780;3
6781;3
6782;3
6788;3
6789;3
6790;3
6791;3
6795;3
6798;3
6799;3
6802;3
6804;3
6806;3
6809;3
6810;3
6811;2
6812;3
6817;3
6822;3
6823;3
6829;3
6832;3
6838;3
6839;3
6840;3
6841;3
6843;3
6846;3
6847;3
6848;3
6849;3
6852;2
6853;3
6855;3
6857;3
6860;3
6861;3
6862;3
6863;2
6864;3
6866;3
6867;3
6869;3
6872;3
6874;3
6875;3
6876;3
6879;3
6881;3
6883;3
6889;3
6891;3
6892;3
6898;3
6899;3
6902;3
6905;3
6906;2
6907;3
6908;3
6909;3
6913;3
6914;3
6923;3
6924;3
6925;3
6927;3
6928;3
6929;3
6930;3
6932;3
6933;3
6936;3
6937;3
6938;3
6939;3
6945;3
6947;3
6948;3
6949;3
6950;3
6951;3
6952;3
6954;3
6955;3
6960;2
6961;3
6962;3
6963;3
6964;3
6968;3
6970;3
6972;3
6973;3
6975;3
6977;3
6980;3
6981;3
6982;3
6986;3
6988;3
6990;3
6992;3
6993;3
6996;2
6998;3
7004;3
7005;3
7006;3
7008;3
7009;3
7011;3
7012;3
7013;3
7018;3
7020;3
7025;2
7026;3
7027;3
7029;3
7030;3
7032;3
7033;3
7035;3
7036;3
7039;3
7045;3
7046;3
7050;3
7051;3
7053;3
7054;3
7058;3
7059;2
7060;3
7061;3
7064;3
7065;3
7066;3
7072;2
7074;3
7075;3
7077;3
7079;3
7080;3
7081;3
7084;3
7085;3
7086;3
7087;3
7089;3
7090;3
7092;3
7094;3
7097;3
7098;3
7099;2
7105;3
7107;3
7110;3
7111;3
7112;3
7113;3
7114;3
7115;3
7116;3
7118;3
7119;3
7120;3
7121;3
7122;3
7123;3
7126;3
7127;3
7128;3
7129;3
7133;3
7135;3
7136;3
7140;3
7141;3
7142;3
7146;3
7152;3
7155;3
7156;3
7157;3
7158;3
7159;3
7161;3
7163;3
7164;3
7166;3
7167;3
7168;3
7169;3
7172;3
7174;3
7176;3
7178;2
7179;3
7180;3
7182;3
7184;3
7186;3
7187;2
7188;2
7192;3
7194;3
7196;3
7197;3
7200;3
7204;3
7209;3
7210;3
7211;3
7212;3
7213;3
7215;3
7217;3
7219;3
7220;3
7222;3
7223;3
7225;3
7226;3
7228;3
7229;3
7232;3
7233;3
7238;3
7239;3
7240;3
7245;2
7248;2
7252;3
7257;3
7258;2
7259;3
7262;3
7266;2
7268;3
7270;3
7271;3
7273;3
7274;3
7276;3
7277;3
7279;3
7280;3
7283;3
7286;3
7287;3
7289;3
7290;3
7291;3
7292;3
7294;3
7296;3
7298;3
7300;3
7301;3
7303;3
7304;3
7309;3
7313;3
7314;3
7315;3
7316;3
7317;3
7318;3
7323;3
7324;3
7328;3
7329;3
7336;3
7339;3
7340;3
7342;3
7343;3
7344;3
7349;3
7351;3
7354;3
7355;3
7358;2
7359;2
7362;2
7363;3
7366;3
7369;3
7371;3
7375;3
7376;3
7377;3
7378;3
7380;3
7381;3
7383;3
7387;3
7388;3
7391;3
7392;3
7393;3
7394;2
7395;3
7396;3
7399;2
7401;3
7402;3
7404;3
7405;3
7406;2
7409;2
7410;2
7411;3
7413;3
7414;3
7416;3
7419;3
7420;3
7424;3
7425;3
7430;3
7431;3
7437;3
7438;3
7440;3
7442;3
7444;3
7446;3
7451;2
7457;3
7458;3
7459;3
7460;3
7461;3
7462;3
7465;3
7466;3
7468;3
7469;3
7470;3
7474;3
7475;3
7477;3
7478;3
7481;3
7482;3
7484;3
7485;3
7488;3
7489;3
7490;3
7492;3
7494;2
7495;3
7498;3
7501;3
7504;3
7505;3
7509;3
7510;3
7511;3
7512;3
7513;3
7514;3
7516;3
7517;2
7518;3
7521;3
7522;3
7523;3
7525;3
7526;2
7528;3
7529;3
7530;3
7531;3
7533;3
7534;3
7538;3
7539;3
7540;2
7546;3
7547;2
7548;2
7551;3
7552;3
7554;3
7556;3
7557;3
7559;3
7562;3
7564;3
7565;3
7569;3
7570;2
7574;3
7577;3
7583;3
7589;3
7590;3
7592;2
7593;3
7595;2
7597;2
7602;3
7603;2
7605;3
7611;3
7617;3
7618;3
7619;3
7620;3
7622;3
7623;3
7625;3
7626;3
7632;2
7634;3
7635;3
7636;3
7637;3
7640;3
7641;3
7642;3
7647;3
7649;3
7651;3
7653;3
7654;3
7655;2
7656;3
7658;3
7659;3
7660;3
7662;3
7663;3
7664;3
7665;3
7667;3
7669;3
7671;3
7672;2
7675;3
7676;3
7678;3
7679;3
7680;3
7681;3
7684;3
7686;3
7687;3
7690;3
7693;3
7695;3
7697;3
7698;3
7701;3
7704;3
7705;3
7706;3
7709;3
7711;3
7713;3
7716;3
7722;2
7726;3
7732;3
7733;3
7734;3
7737;2
7740;3
7741;3
7742;3
7745;3
7746;3
7750;3
7755;3
7756;3
7757;3
7758;3
7759;3
7760;3
7767;3
7771;3
7772;3
7774;2
7776;3
7784;3
7786;3
7787;3
7790;3
7792;3
7793;3
7797;2
7803;3
7804;3
7806;3
7810;3
7811;3
7813;3
7816;3
7817;3
7819;3
7820;3
7822;3
7823;3
7827;3
7832;3
7833;3
7834;3
7835;3
7836;2
7837;2
7839;3
7841;2
7842;3
7843;3
7844;3
7848;3
7855;3
7856;3
7857;3
7858;3
7859;3
7860;3
7863;3
7864;3
7867;3
7870;3
7871;3
7872;3
7873;3
7874;3
7875;3
7879;3
7881;3
7884;3
7886;3
7888;2
7890;3
7892;3
7894;2
7896;3
7897;3
7898;3
7899;3
7900;3
7901;3
7903;3
7910;3
7911;3
7912;3
7913;3
7914;3
7915;3
7919;3
7924;3
7928;3
7930;3
7931;3
7932;3
7937;3
7938;3
7939;3
7942;3
7944;3
7945;3
7947;3
7948;3
7951;3
7953;2
7955;2
7958;3
7959;3
7960;3
7962;3
7963;3
7964;3
7967;3
7968;3
7975;3
7977;3
7978;3
7979;3
7980;3
7981;3
7983;3
7984;3
7985;3
7986;3
7990;3
7991;3
7992;3
7993;3
7996;2
8001;3
8002;3
8003;3
8007;3
8008;3
8010;3
8012;3
8014;3
8015;3
8016;3
8019;3
8022;3
8023;3
8024;3
8025;3
8026;2
8029;3
8030;3
8031;3
8033;3
8034;3
8037;2
8038;3
8040;3
8041;3
8042;3
8044;3
8045;3
8047;2
8049;3
8050;3
8053;3
8055;3
8059;3
8060;3
8067;3
8068;3
8069;2
8070;2
8073;3
8074;3
8075;3
8078;3
8079;3
8083;3
8085;3
8086;3
8087;3
8095;3
8096;3
8100;3
8101;3
8102;3
8103;3
8104;3
8108;3
8110;3
8111;3
8112;3
8113;3
8115;3
8120;3
8121;3
8123;3
8125;3
8128;3
8129;3
8132;3
8136;3
8137;2
8138;2
8139;3
8140;2
8141;3
8142;3
8144;3
8145;3
8148;3
8160;3
8161;3
8162;3
8163;3
8168;2
8169;3
8170;3
8173;3
8176;3
8177;3
8178;3
8186;3
8187;3
8188;3
8190;3
8191;3
8193;3
8194;3
8195;3
8199;3
8201;3
8202;3
8203;3
8204;3
8206;3
8207;3
8208;3
8209;3
8214;3
8215;3
8223;3
8224;3
8225;3
8226;3
8227;3
8229;3
8230;3
8231;3
8234;3
8235;3
8236;3
8239;3
8241;3
8246;3
8248;3
8250;3
8252;3
8254;3
8255;3
8256;3
8257;3
8259;3
8260;3
8263;3
8265;3
8268;3
8270;3
8273;2
8274;2
8276;3
8277;3
8278;2
8279;3
8280;3
8281;3
8282;3
8283;3
8284;3
8285;3
8286;2
8287;3
8290;3
8291;3
8294;3
8295;3
8296;3
8298;3
8300;3
8301;3
8302;3
8303;3
8308;3
8312;3
8313;3
8315;2
8316;3
8317;2
8318;3
8319;2
8323;3
8326;3
8327;3
8329;3
8330;3
8335;3
8337;2
8341;3
8343;3
8345;3
8347;3
8348;3
8349;2
8351;3
8353;3
8355;3
8356;3
8358;3
8359;3
8360;3
8361;3
8363;3
8364;3
8365;3
8366;3
8370;2
8371;3
8372;3
8374;2
8375;3
8376;3
8377;3
8378;3
8379;2
8381;3
8382;3
8383;3
8385;3
8392;3
8395;3
8397;3
8399;3
8401;3
8403;3
8405;3
8406;3
8408;3
8409;3
8410;3
8411;3
8412;3
8413;3
8421;3
8422;2
8424;3
8426;3
8428;3
8430;3
8431;3
8433;3
8436;3
8437;3
8441;3
8443;3
8444;3
8445;3
8448;3
8449;3
8450;3
8451;3
8452;3
8453;3
8455;3
8456;3
8457;3
8462;3
8464;3
8467;3
8468;3
8469;3
8471;3
8472;3
8473;3
8475;2
8476;3
8477;3
8479;3
8482;3
8487;3
8489;2
8490;3
8494;3
8496;3
8498;3
8499;3
8500;3
8501;3
8503;3
8504;3
8506;3
8508;3
8512;3
8513;2
8515;3
8520;3
8521;3
8522;3
8523;3
8529;3
8530;3
8531;3
8532;3
8535;3
8542;3
8543;3
8544;3
8545;3
8549;3
8551;3
8552;3
8553;3
8554;3
8555;3
8558;3
8560;3
8567;2
8568;3
8569;3
8576;3
8579;3
8582;3
8584;3
8585;3
8588;3
8589;3
8593;3
8595;3
8596;3
8598;3
8600;2
8601;3
8602;3
8607;2
8610;3
8611;3
8612;2
8613;3
8619;3
8624;3
8628;3
8629;2
8630;2
8631;3
8633;3
8634;3
8635;3
8637;3
8641;3
8647;3
8653;3
8655;3
8657;3
8661;3
8662;3
8664;3
8665;3
8666;3
8673;3
8676;3
8680;3
8681;3
8682;3
8683;3
8684;3
8685;3
8686;3
8687;3
8688;3
8690;3
8692;3
8693;3
8694;3
8697;2
8699;3
8700;3
8701;2
8702;3
8703;3
8704;3
8705;3
8707;2
8709;3
8713;3
8714;3
8717;3
8720;3
8723;3
8724;3
8725;3
8726;3
8727;3
8728;3
8730;3
8735;3
8736;3
8739;3
8741;3
8744;3
8749;3
8750;3
8751;3
8753;3
8754;3
8755;3
8757;3
8762;3
8764;2
8766;3
8767;3
8768;2
8769;2
8771;3
8772;3
8774;3
8777;3
8779;2
8781;3
8786;2
8787;3
8788;3
8790;3
8791;3
8792;2
8793;3
8795;3
8796;3
8797;3
8798;3
8799;3
8800;3
8802;2
8803;3
8804;3
8806;3
8808;3
8809;3
8810;3
8811;3
8812;3
8813;3
8815;3
8817;3
8818;3
8819;2
8820;2
8822;3
8825;2
8826;3
8827;3
8828;3
8829;3
8830;3
8831;3
8832;3
8834;3
8836;3
8838;3
8841;3
8842;3
8844;3
8845;3
8846;3
8849;3
8852;3
8853;3
8854;3
8855;3
8858;3
8859;3
8860;3
8863;3
8864;3
8865;3
8866;3
8868;2
8870;2
8873;3
8874;3
8879;3
8881;2
8882;3
8885;3
8886;3
8891;3
8893;3
8894;2
8895;3
8896;3
8897;3
8898;3
8900;3
8902;3
8904;3
8906;3
8908;3
8910;3
8915;3
8923;3
8924;2
8928;3
8930;3
8931;3
8932;2
8933;3
8935;3
8936;3
8938;3
8941;3
8947;3
8950;3
8951;3
8953;3
8955;2
8956;3
8957;3
8960;3
8961;3
8964;3
8965;3
8967;3
8968;3
8969;3
8971;3
8973;3
8980;3
8983;3
8987;3
8988;3
8989;2
8991;2
8992;2
8994;3
8995;3
8996;3
8998;3
9000;3
9003;3
9004;3
9007;2
9008;3
9009;3
9011;3
9015;3
9017;3
9025;3
9026;3
9027;3
9030;2
9031;3
9032;3
9033;3
9034;2
9036;3
9037;3
9038;3
9039;3
9042;3
9044;3
9047;3
9048;2
9049;3
9050;3
9054;3
9055;3
9057;3
9058;3
9059;3
9060;3
9061;3
9066;3
9068;3
9071;3
9072;3
9075;3
9076;3
9077;3
9078;3
9079;3
9083;3
9084;3
9085;2
9090;3
9095;3
9096;2
9097;3
9099;2
9101;3
9102;3
9103;3
9104;3
9108;3
9109;3
9111;2
9113;3
9117;3
9119;3
9120;2
9123;3
9125;3
9130;3
9132;3
9133;3
9134;3
9136;3
9137;3
9140;3
9142;3
9143;3
9147;3
9148;3
9149;3
9151;3
9152;3
9153;3
9154;3
9155;2
9158;3
9163;3
9164;3
9166;3
9171;3
9172;3
9174;3
9176;3
9177;3
9181;3
9184;3
9185;3
9188;3
9190;3
9191;3
9193;3
9194;3
9199;3
9200;3
9201;3
9202;3
9203;3
9204;3
9206;3
9208;3
9210;2
9211;3
9212;3
9213;3
9214;3
9220;3
9221;3
9222;3
9223;3
9224;3
9226;3
9227;3
9228;3
9229;3
9231;3
9233;3
9235;3
9236;3
9239;3
9240;3
9241;3
9247;3
9249;3
9250;3
9252;3
9253;3
9256;3
9257;3
9259;2
9260;3
9266;3
9267;3
9268;2
9273;3
9278;3
9279;3
9281;3
9282;3
9286;3
9288;2
9289;3
9292;3
9293;3
9294;3
9295;2
9298;3
9299;3
9301;3
9303;3
9307;3
9308;3
9309;3
9310;3
9311;3
9312;3
9316;3
9321;3
9326;3
9330;3
9331;3
9333;3
9334;3
9339;3
9340;3
9341;3
9342;3
9343;3
9345;3
9348;3
9354;3
9355;3
9357;3
9359;2
9360;3
9363;3
9366;3
9367;3
9368;3
9369;3
9370;3
9371;3
9372;3
9375;3
9378;2
9383;3
9385;3
9386;3
9387;3
9388;3
9396;3
9398;3
9400;3
9403;3
9404;3
9408;3
9409;3
9410;3
9411;3
9412;3
9414;3
9415;2
9416;3
9418;3
9419;3
9425;3
9428;3
9429;3
9431;3
9432;3
9433;3
9434;3
9435;3
9436;2
9443;3
9444;3
9445;3
9447;3
9451;3
9452;3
9453;2
9454;3
9455;3
9457;3
9458;3
9459;3
9460;3
9461;3
9462;3
9463;3
9464;3
9466;3
9467;3
9468;3
9469;3
9470;3
9471;2
9474;3
9477;3
9478;3
9482;3
9484;2
9486;2
9487;2
9493;3
9494;3
9495;3
9496;3
9498;3
9499;3
9500;2
9503;3
9507;3
9508;3
9510;3
9511;3
9512;3
9517;3
9518;3
9519;3
9526;3
9528;3
9529;3
9530;3
9533;3
9536;3
9537;3
9540;3
9542;2
9545;3
9547;3
9549;3
9553;3
9554;3
9557;3
9558;3
9560;3
9561;3
9565;3
9566;3
9567;3
9568;3
9571;3
9572;3
9573;3
9574;3
9575;2
9579;3
9581;3
9582;3
9584;3
9585;3
9587;3
9588;3
9590;3
9592;2
9595;2
9596;3
9597;3
9601;3
9608;3
9612;3
9615;2
9616;3
9617;3
9618;3
9623;3
9626;3
9629;2
9631;3
9632;3
9633;3
9634;3
9637;3
9638;3
9639;3
9641;3
9642;3
9643;3
9647;3
9648;3
9649;3
9650;2
9651;3
9653;2
9655;3
9656;3
9657;3
9658;3
9659;3
9660;3
9662;3
9663;3
9665;3
9667;3
9670;3
9673;3
9677;3
9679;3
9681;3
9683;3
9684;3
9686;3
9687;3
9697;3
9698;3
9699;3
9700;3
9707;3
9708;3
9709;3
9710;3
9715;3
9717;3
9723;3
9724;3
9728;3
9730;3
9732;3
9733;3
9734;3
9735;3
9736;2
9742;3
9746;3
9749;3
9751;3
9754;3
9757;3
9760;3
9761;3
9762;3
9764;2
9765;3
9766;3
9767;3
9768;3
9769;3
9774;3
9775;3
9776;3
9777;3
9778;3
9780;3
9781;3
9783;3
9784;3
9786;3
9789;3
9790;3
9791;3
9792;3
9793;3
9799;3
9800;3
9802;3
9803;3
9809;3
9810;2
9816;3
9817;3
9818;3
9819;3
9820;3
9822;3
9823;3
9825;3
9828;3
9831;3
9833;2
9835;3
9836;3
9839;3
9841;3
9842;3
9844;3
9847;3
9849;3
9850;3
9851;3
9852;3
9854;3
9855;2
9856;3
9857;3
9859;3
9863;3
9866;3
9868;3
9870;3
9872;3
9873;3
9874;3
9875;3
9877;3
9881;3
9883;3
9884;3
9888;3
9891;3
9895;3
9898;3
9900;3
9901;3
9902;3
9905;3
9907;3
9908;3
9912;2
9913;3
9914;2
9915;3
9921;3
9923;3
9929;3
9930;3
9933;3
9934;3
9935;3
9938;3
9940;3
9942;3
9943;3
9944;3
9945;3
9947;3
9948;3
9952;3
9954;3
9957;2
9958;3
9961;3
9968;3
9969;3
9970;2
9972;3
9973;2
9975;3
9977;3
9979;3
9980;3
9982;3
9983;3
9984;3
9986;3
9987;3
9989;2
9991;3
9994;4
9995;4
10002;1
10003;1
10006;1
10008;1
10009;1
10011;1
10012;1
10016;1
10018;1
10019;1
10020;1
10024;1
10027;1
10028;1
10033;4
10036;1
10037;4
10040;1
10042;1
10045;1
10048;1
10052;1
10060;1
10062;1
10067;1
10068;1
10070;1
10074;1
10077;1
10078;1
10079;1
10085;1
10086;4
10087;1
10092;1
10096;1
10101;1
10104;1
10105;4
10106;1
10107;4
10108;1
10111;4
10112;1
10113;1
10114;1
10115;1
10116;1
10118;1
10123;1
10126;1
10128;1
10130;1
10131;1
10133;4
10134;1
10136;4
10137;1
10145;1
10146;1
10149;1
10153;1
10154;4
10156;4
10158;1
10160;1
10162;4
10163;4
10167;1
10169;1
10171;1
10172;1
10174;1
10175;1
10176;1
10180;1
10183;1
10184;1
10185;1
10187;1
10189;1
10190;1
10191;1
10194;1
10197;1
10199;1
10200;1
10201;1
10202;4
10209;1
10211;1
10215;1
10221;1
10223;1
10225;1
10233;1
10235;4
10236;1
10240;1
10244;1
10245;1
10248;1
10251;1
10252;1
10253;1
10257;1
10258;1
10260;1
10261;1
10264;1
10266;4
10269;1
10270;1
10273;1
10275;1
10277;1
10278;1
10283;1
10284;1
10285;1
10288;1
10294;1
10295;1
10301;1
10302;1
10306;1
10307;1
10312;1
10314;4
10316;4
10318;1
10319;1
10324;1
10325;1
10328;1
10329;1
10331;4
10332;1
10334;1
10336;1
10337;4
10339;1
10341;1
10342;1
10349;1
10350;1
10356;1
10357;1
10359;1
10361;1
10363;1
10364;1
10366;1
10369;1
10370;1
10371;1
10374;1
10376;1
10378;1
10379;1
10381;4
10383;1
10384;1
10386;1
10388;1
10394;1
10395;1
10396;1
10397;4
10398;1
10402;1
10403;1
10404;1
10405;1
10406;1
10408;1
10410;1
10411;1
10415;1
10419;1
10427;1
10428;1
10432;1
10434;1
10441;1
10442;1
10443;1
10444;1
10450;1
10451;4
10453;1
10454;1
10455;1
10458;1
10459;1
10460;1
10461;1
10463;1
10466;4
10469;4
10470;1
10471;1
10473;1
10475;1
10476;1
10477;1
10478;1
10480;1
10482;1
10488;1
10489;1
10490;1
10491;1
10494;1
10495;1
10499;1
10500;1
10501;1
10506;1
10508;1
10509;1
10510;1
10511;1
10513;1
10514;1
10515;1
10516;1
10517;4
10522;1
10523;1
10524;1
10526;1
10528;1
10530;4
10537;1
10543;4
10545;4
10546;1
10547;4
10548;1
10553;1
10557;1
10559;1
10562;4
10563;1
10567;4
10571;1
10573;1
10575;1
10577;1
10580;1
10584;1
10585;1
10586;1
10592;1
10594;1
10600;1
10601;1
10603;1
10606;1
10607;1
10608;1
10609;1
10610;1
10619;1
10623;1
10625;1
10626;1
10627;4
10628;1
10630;1
10631;1
10637;1
10639;1
10640;1
10642;1
10643;1
10644;1
10646;1
10649;1
10654;1
10656;1
10657;1
10659;1
10660;1
10664;1
10665;1
10666;1
10667;1
10669;1
10671;1
10672;1
10673;1
10674;1
10676;1
10678;1
10683;1
10684;1
10685;1
10686;1
10687;1
10688;1
10690;1
10692;1
10694;4
10696;1
10697;1
10698;1
10705;1
10706;1
10711;1
10712;1
10713;1
10719;1
10720;1
10721;1
10722;1
10726;1
10727;1
10731;4
10739;1
10740;1
10741;1
10743;1
10744;1
10746;4
10747;1
10755;4
10757;1
10759;1
10761;1
10765;1
10766;1
10767;1
10770;1
10771;1
10772;1
10774;1
10776;1
10777;1
10782;1
10784;1
10785;1
10786;1
10787;1
10789;1
10791;1
10797;1
10798;1
10800;1
10801;1
10803;1
10804;1
10805;1
10807;4
10809;1
10810;1
10814;1
10818;4
10819;1
10820;4
10822;1
10823;1
10826;1
10827;1
10829;1
10831;1
10833;1
10835;1
10836;1
10838;1
10842;1
10843;1
10844;1
10845;1
10846;1
10849;1
10851;1
10853;1
10854;4
10856;1
10859;1
10860;1
10867;1
10870;1
10871;1
10875;4
10878;1
10880;1
10881;1
10883;1
10887;1
10888;1
10889;1
10892;1
10893;1
10894;1
10895;1
10896;1
10897;1
10898;1
10900;1
10904;1
10905;1
10907;4
10908;1
10909;4
10910;4
10912;1
10914;1
10916;1
10917;1
10918;1
10919;1
10920;1
10921;1
10922;1
10924;1
10926;1
10929;1
10933;4
10934;4
10935;4
10936;1
10938;1
10939;1
10940;1
10941;1
10946;1
10950;1
10951;1
10953;1
10959;1
10961;1
10962;1
10963;1
10964;1
10967;1
10968;4
10969;1
10970;1
10971;1
10973;1
10975;1
10976;1
10979;4
10981;1
10984;1
10989;1
10991;1
10992;1
10993;1
10994;1
10995;1
10997;1
10998;1
11000;1
11003;1
11005;1
11006;1
11007;1
11008;1
11010;1
11012;1
11013;1
11014;1
11016;1
11017;1
11018;1
11019;1
11021;4
11023;1
11026;1
11028;1
11032;1
11035;4
11036;1
11037;1
11038;1
11046;1
11047;1
11049;1
11051;1
11052;1
11053;1
11058;4
11059;1
11061;1
11064;1
11066;4
11071;1
11072;1
11075;1
11078;1
11080;1
11081;1
11085;1
11089;1
11093;1
11096;1
11097;1
11102;1
11104;1
11107;1
11108;1
11110;4
11111;1
11112;1
11113;1
11116;1
11117;1
11122;1
11123;1
11124;1
11126;1
11128;1
11130;1
11131;1
11133;1
11135;1
11137;1
11145;1
11146;1
11147;1
11148;1
11150;1
11152;1
11153;1
11154;4
11162;4
11164;1
11166;4
11169;1
11170;4
11171;1
11172;1
11174;1
11175;1
11176;1
11180;1
11181;1
11182;1
11183;4
11189;1
11190;1
11192;4
11194;1
11195;1
11196;1
11197;1
11198;1
11203;1
11206;1
11207;1
11208;4
11210;1
11211;4
11212;1
11214;1
11215;1
11216;1
11218;4
11219;1
11220;1
11221;1
11222;1
11223;1
11226;1
11228;1
11231;1
11234;1
11236;1
11238;1
11240;1
11241;1
11244;1
11245;4
11246;1
11247;1
11249;1
11250;1
11251;1
11254;1
11255;1
11259;1
11261;1
11263;1
11264;4
11266;1
11269;1
11270;1
11273;1
11275;1
11276;1
11281;1
11283;1
11285;1
11286;1
11290;1
11294;1
11298;1
11301;1
11303;1
11306;1
11307;1
11311;1
11312;1
11315;1
11316;1
11319;4
11320;4
11322;1
11326;1
11332;1
11334;1
11335;1
11337;1
11338;1
11340;1
11342;1
11344;1
11347;1
11349;1
11350;1
11351;1
11352;4
11353;1
11354;1
11355;4
11356;1
11357;1
11358;1
11360;1
11361;4
11362;4
11364;1
11365;1
11367;1
11368;1
11374;1
11375;1
11376;1
11377;1
11379;1
11381;1
11382;1
11383;1
11384;1
11386;1
11387;1
11389;1
11390;1
11392;1
11393;1
11396;1
11399;1
11400;1
11401;1
11403;1
11408;1
11411;1
11414;1
11417;1
11418;1
11419;1
11422;1
11424;1
11429;1
11432;1
11433;1
11435;4
11437;1
11439;1
11440;1
11441;1
11442;1
11444;1
11446;1
11447;1
11448;1
11449;1
11451;1
11452;1
11453;1
11455;1
11456;1
11459;1
11460;1
11462;1
11464;1
11467;4
11468;1
11469;1
11470;1
11471;1
11472;1
11474;1
11476;1
11477;1
11480;1
11481;1
11483;4
11488;1
11489;1
11490;1
11491;1
11492;1
11493;1
11496;1
11499;1
11502;1
11504;1
11507;1
11508;4
11510;1
11513;1
11515;1
11517;1
11518;1
11524;1
11525;1
11526;1
11527;1
11528;1
11529;1
11530;1
11532;1
11534;1
11537;1
11539;1
11541;1
11542;1
11544;1
11545;1
11547;1
11548;1
11549;1
11550;1
11552;1
11553;1
11554;1
11555;4
11556;4
11561;1
11562;1
11565;4
11566;1
11569;1
11570;1
11572;1
11575;1
11576;1
11583;1
11591;1
11592;1
11593;1
11595;1
11596;1
11599;1
11600;1
11603;4
11606;4
11607;1
11610;1
11614;1
11619;1
11620;4
11622;1
11624;1
11627;1
11629;1
11630;1
11631;1
11633;1
11634;4
11635;1
11637;1
11639;1
11640;1
11643;1
11645;1
11647;1
11649;1
11650;4
11655;1
11656;1
11657;4
11658;4
11664;1
11672;1
11673;4
11676;1
11677;1
11678;1
11680;1
11681;1
11682;1
11686;1
11688;1
11691;1
11697;1
11699;1
11705;1
11707;1
11708;1
11709;1
11710;1
11712;1
11714;1
11715;1
11719;1
11722;1
11725;1
11728;1
11729;1
11731;1
11734;1
11736;1
11737;1
11740;1
11741;1
11743;1
11747;1
11748;1
11751;1
11752;1
11753;4
11755;1
11757;1
11759;1
11761;1
11762;1
11765;1
11766;1
11767;1
11769;1
11770;1
11771;1
11773;1
11775;4
11780;1
11781;1
11782;1
11785;1
11790;1
11791;1
11793;1
11799;4
11800;1
11806;4
11812;1
11813;1
11814;1
11816;1
11817;1
11818;1
11820;1
11821;1
11822;4
11824;1
11825;1
11830;1
11838;1
11842;1
11845;1
11849;1
11850;1
11855;1
11856;1
11857;4
11858;1
11860;1
11863;4
11864;4
11865;1
11867;1
11868;4
11869;1
11870;1
11873;4
11876;1
11877;1
11880;1
11881;1
11882;1
11883;1
11884;1
11885;4
11888;4
11892;4
11894;1
11897;1
11899;1
11901;1
11902;1
11905;1
11906;1
11908;1
11910;1
11913;1
11916;1
11917;1
11918;1
11919;1
11920;1
11921;4
11923;1
11925;1
11926;1
11927;1
11930;1
11931;4
11934;1
11935;1
11938;1
11939;1
11941;1
11945;1
11948;1
11949;1
11950;1
11952;1
11954;1
11955;1
11957;1
11959;1
11961;1
11963;1
11964;1
11967;1
11970;1
11971;1
11972;1
11973;1
11975;1
11976;1
11981;1
11984;4
11985;4
11989;1
11994;4
11995;1
11999;1
12001;1
12002;1
12004;1
12005;1
12006;4
12007;1
12008;1
12010;1
12015;1
12016;1
12017;1
12021;1
12024;1
12025;1
12026;1
12027;1
12029;1
12030;1
12035;1
12037;4
12040;1
12041;1
12043;1
12045;1
12047;1
12048;1
12051;4
12052;1
12054;1
12055;1
12057;4
12058;1
12059;1
12060;1
12062;1
12063;1
12065;1
12066;1
12067;1
12068;1
12072;1
12074;1
12075;1
12076;4
12079;1
12084;1
12085;1
12086;1
12087;4
12089;1
12090;1
12093;4
12095;1
12096;1
12098;1
12100;1
12101;1
12103;1
12104;1
12105;1
12106;4
12110;1
12111;1
12112;1
12113;1
12114;4
12115;1
12117;4
12118;1
12119;1
12120;1
12121;1
12125;1
12126;1
12128;1
12130;1
12131;1
12132;1
12138;4
12143;1
12153;1
12155;1
12157;1
12159;1
12160;1
12161;1
12162;1
12163;1
12166;1
12167;4
12168;1
12170;1
12171;1
12172;1
12173;1
12174;4
12175;1
12177;1
12179;1
12180;1
12182;1
12183;1
12185;4
12186;4
12188;1
12189;4
12190;1
12191;1
12193;1
12199;1
12204;1
12205;1
12206;1
12207;4
12211;1
12212;1
12213;1
12218;1
12219;1
12220;1
12222;1
12226;1
12228;1
12229;1
12234;4
12235;1
12236;1
12238;1
12239;1
12240;1
12241;1
12245;1
12248;1
12249;1
12252;1
12253;4
12258;1
12259;1
12260;1
12265;1
12266;1
12268;1
12270;1
12274;1
12276;1
12277;1
12279;1
12280;4
12283;4
12287;1
12288;1
12290;1
12291;1
12292;1
12293;1
12295;1
12296;1
12298;4
12299;1
12301;1
12303;1
12304;1
12308;1
12309;1
12311;1
12312;1
12313;1
12317;1
12318;1
12319;1
12320;1
12322;1
12323;1
12324;1
12326;1
12327;1
12328;1
12329;1
12331;1
12333;1
12334;1
12335;4
12336;1
12337;1
12338;1
12341;1
12342;1
12345;1
12346;1
12349;1
12350;1
12351;1
12352;1
12354;1
12355;1
12357;1
12359;1
12360;1
12361;1
12364;1
12366;1
12368;1
12370;1
12372;1
12373;1
12375;1
12378;1
12379;1
12380;1
12382;1
12385;1
12387;1
12389;1
12390;4
12391;4
12393;1
12397;4
12398;1
12399;1
12400;1
12401;4
12402;1
12404;1
12405;4
12410;1
12411;1
12414;1
12415;1
12416;1
12417;1
12419;1
12422;1
12423;1
12427;1
12429;1
12430;1
12433;1
12436;1
12439;1
12440;1
12443;1
12446;1
12447;1
12448;1
12450;1
12451;1
12453;1
12454;4
12455;1
12464;1
12465;1
12466;1
12472;1
12474;1
12475;1
12476;1
12479;1
12485;1
12487;1
12489;1
12491;4
12492;1
12494;1
12495;4
12496;1
12499;1
12502;1
12504;1
12507;1
12512;1
12513;1
12517;1
12521;1
12522;1
12523;1
12524;1
12525;1
12526;1
12527;1
12535;1
12539;1
12542;1
12544;1
12546;1
12547;1
12549;1
12556;1
12557;1
12558;1
12560;1
12561;1
12564;1
12566;1
12567;1
12568;1
12571;1
12572;1
12574;1
12575;1
12576;1
12577;1
12582;1
12583;1
12584;1
12586;1
12589;1
12590;4
12592;1
12593;1
12595;1
12598;1
12599;1
12600;4
12601;1
12602;4
12605;4
12611;1
12612;1
12613;1
12614;1
12618;1
12619;1
12620;1
12621;1
12624;4
12626;1
12631;1
12632;1
12633;1
12637;1
12638;1
12639;1
12647;1
12650;1
12651;1
12652;1
12653;1
12654;1
12660;1
12661;1
12663;1
12664;1
12666;1
12667;1
12672;1
12673;1
12675;1
12676;1
12678;1
12680;1
12682;1
12685;1
12691;1
12692;1
12693;1
12694;1
12695;1
12700;1
12702;1
12703;1
12705;1
12706;1
12707;1
12708;1
12711;1
12713;4
12715;1
12717;1
12721;1
12724;1
12727;1
12728;1
12731;1
12732;1
12734;1
12736;1
12740;1
12741;1
12742;1
12743;1
12745;1
12746;1
12751;1
12752;1
12756;1
12762;4
12764;1
12768;1
12770;1
12773;1
12774;1
12778;1
12779;1
12783;1
12784;1
12785;1
12786;1
12787;1
12788;1
12795;1
12799;4
12801;4
12802;1
12803;4
12804;1
12805;1
12806;1
12808;1
12810;4
12814;1
12816;1
12817;4
12819;4
12820;4
12822;4
12823;1
12825;1
12826;1
12829;1
12830;1
12831;1
12834;1
12835;1
12840;4
12841;4
12842;1
12844;4
12847;1
12850;4
12851;1
12852;1
12856;1
12861;1
12862;1
12863;1
12867;1
12868;4
12869;1
12870;1
12871;1
12872;1
12875;1
12877;1
12879;1
12880;1
12882;1
12883;1
12885;1
12886;1
12887;1
12888;4
12889;4
12891;1
12892;1
12896;4
12897;1
12898;1
12899;1
12901;1
12903;1
12906;1
12908;1
12911;1
12912;4
12914;1
12915;1
12920;1
12923;1
12926;1
12927;1
12931;1
12933;1
12940;1
12949;1
12951;1
12953;1
12954;1
12955;1
12957;1
12958;1
12959;1
12964;1
12965;1
12972;1
12973;1
12974;1
12975;1
12976;1
12980;1
12982;1
12984;1
12985;1
12987;1
12988;1
12991;1
12992;1
12997;1
12998;1
13001;1
13005;1
13008;1
13009;1
13011;1
13012;1
13013;1
13014;1
13016;1
13017;1
13018;1
13019;4
13021;1
13022;1
13025;4
13026;4
13027;1
13031;1
13033;1
13034;1
13041;1
13042;1
13043;1
13044;1
13045;1
13047;1
13049;1
13050;1
13051;1
13054;1
13057;1
13060;1
13062;1
13063;1
13067;1
13071;4
13072;1
13074;1
13077;1
13079;1
13080;4
13081;1
13082;1
13083;1
13084;1
13086;1
13087;1
13089;4
13090;1
13093;1
13094;1
13096;1
13097;1
13098;1
13099;1
13100;1
13101;1
13103;4
13104;1
13107;1
13109;1
13111;1
13112;1
13117;1
13123;1
13125;1
13126;1
13127;1
13130;1
13131;1
13134;1
13135;1
13136;1
13137;1
13138;1
13141;1
13143;1
13146;1
13149;1
13151;1
13152;1
13153;1
13158;1
13161;1
13162;1
13165;1
13167;1
13169;4
13171;1
13172;1
13174;1
13175;1
13176;1
13177;1
13179;1
13186;1
13188;1
13189;1
13191;1
13194;1
13195;1
13196;1
13198;1
13199;1
13201;1
13202;1
13207;1
13208;1
13212;1
13214;1
13215;1
13216;1
13219;1
13220;1
13222;4
13225;1
13230;1
13233;4
13234;1
13237;1
13238;1
13239;1
13241;1
13243;1
13244;1
13245;1
13246;1
13250;4
13252;1
13253;1
13254;4
13256;4
13257;1
13259;1
13261;4
13262;1
13264;1
13265;1
13267;4
13268;4
13269;1
13270;4
13271;1
13272;1
13273;1
13276;1
13278;1
13280;1
13285;4
13286;1
13287;1
13290;1
13292;1
13293;1
13294;1
13296;1
13299;1
13301;4
13302;1
13305;1
13306;4
13307;4
13311;1
13313;1
13318;1
13319;1
13320;1
13322;1
13323;1
13327;4
13328;4
13330;1
13331;4
13333;4
13334;1
13335;1
13336;4
13342;1
13343;4
13344;1
13354;1
13357;1
13358;4
13361;1
13362;1
13363;1
13365;1
13367;1
13370;1
13374;4
13375;4
13376;1
13378;1
13380;1
13381;1
13382;1
13384;1
13388;1
13390;1
13391;1
13392;1
13393;4
13395;1
13398;1
13400;1
13401;3
13402;1
13403;4
13404;1
13405;1
13407;1
13413;1
13418;1
13421;1
13422;4
13424;4
13425;1
13426;1
13427;1
13428;1
13430;1
13431;1
13433;1
13435;1
13438;4
13439;1
13440;1
13442;1
13444;1
13445;3
13448;4
13450;1
13451;1
13454;1
13455;1
13457;1
13458;1
13459;1
13461;1
13462;1
13463;1
13467;1
13469;1
13470;1
13471;4
13472;1
13473;1
13474;4
13476;1
13477;1
13479;1
13480;1
13483;1
13485;1
13488;1
13489;1
13491;1
13492;1
13493;1
13494;1
13497;1
13498;1
13499;1
13500;1
13501;1
13506;1
13507;1
13508;1
13509;1
13511;4
13513;1
13514;1
13515;1
13516;1
13517;1
13518;1
13520;1
13522;3
13527;1
13530;1
13531;1
13533;1
13534;1
13536;1
13537;1
13538;1
13539;1
13540;1
13542;3
13543;1
13545;1
13546;1
13547;1
13550;1
13551;1
13553;1
13554;2
13555;1
13556;1
13558;1
13559;4
13560;1
13561;1
13563;1
13566;1
13567;3
13568;1
13569;1
13572;1
13577;3
13580;3
13582;3
13583;3
13584;3
13586;3
13587;3
13591;3
13593;3
13595;3
13596;3
13597;3
13598;3
13599;3
13601;3
13603;3
13605;3
13607;3
13609;2
13610;3
13614;3
13616;3
13617;3
13620;3
13626;3
13632;3
13634;3
13637;3
13642;3
13644;3
13646;3
13648;3
13651;3
13652;3
13656;2
13663;3
13664;3
13665;3
13666;3
13667;3
13668;3
13670;3
13671;3
13673;3
13674;3
13675;3
13676;3
13683;3
13685;3
13686;3
13689;3
13690;3
13691;3
13693;3
13696;3
13698;3
13701;3
13702;3
13705;3
13709;3
13714;3
13717;3
13721;3
13722;3
13724;3
13726;3
13727;3
13734;3
13735;2
13736;3
13738;3
13739;3
13740;3
13743;2
13746;2
13747;3
13750;3
13751;3
13754;3
13755;2
13756;2
13758;2
13759;3
13761;3
13762;3
13763;3
13765;3
13768;3
13769;3
13772;3
13773;3
13775;3
13776;3
13778;3
13779;2
13782;3
13783;3
13784;3
13785;3
13786;3
13788;3
13790;3
13794;3
13795;3
13796;3
13797;3
13800;3
13801;2
13802;3
13803;3
13808;3
13809;2
13812;3
13814;3
13816;3
13819;2
13821;3
13824;3
13825;3
13826;3
13831;3
13833;3
13834;3
13836;3
13837;3
13838;3
13840;3
13841;3
13842;3
13844;3
13848;3
13849;3
13850;3
13854;3
13855;3
13858;3
13860;3
13862;2
13863;2
13867;3
13868;3
13869;3
13871;2
13879;3
13881;3
13882;2
13886;3
13887;3
13889;3
13892;3
13893;3
13895;3
13897;3
13899;3
13901;3
13904;3
13908;3
13909;3
13915;3
13916;3
13917;3
13919;3
13920;3
13924;3
13925;3
13926;3
13927;3
13928;3
13930;3
13931;3
13932;3
13933;3
13935;3
13940;3
13941;2
13942;3
13943;3
13946;3
13947;3
13949;3
13950;3
13951;3
13952;3
13956;3
13957;3
13958;3
13959;3
13960;3
13961;3
13962;3
13965;3
13970;3
13971;3
13972;2
13974;3
13976;2
13978;2
13979;3
13982;3
13984;3
13985;3
13987;3
13989;3
13990;3
13991;3
13992;3
13993;3
13994;3
13996;3
13998;3
13999;3
14003;3
14008;3
14011;3
14012;3
14013;3
14016;3
14017;3
14019;3
14020;3
14021;3
14026;3
14031;3
14034;3
14037;3
14039;3
14040;3
14043;3
14046;3
14049;3
14052;3
14054;3
14056;3
14058;3
14060;3
14061;3
14066;3
14070;3
14071;3
14072;3
14075;3
14077;3
14078;2
14079;3
14081;3
14082;3
14083;3
14087;3
14088;3
14089;2
14091;3
14093;3
14096;3
14097;3
14098;3
14099;3
14100;3
14101;3
14102;3
14104;3
14107;3
14108;3
14109;3
14110;3
14112;3
14113;3
14115;3
14116;3
14117;3
14119;3
14121;3
14123;3
14124;2
14128;3
14129;3
14130;3
14132;3
14134;3
14136;3
14137;2
14145;3
14148;2
14149;3
14152;3
14153;3
14154;3
14155;3
14157;3
14161;3
14163;3
14164;3
14165;3
14166;3
14168;3
14169;3
14170;3
14175;3
14177;3
14179;3
14180;3
14183;3
14184;3
14185;3
14186;3
14189;3
14190;3
14192;3
14193;3
14194;2
14198;3
14200;3
14203;3
14205;3
14211;3
14214;2
14217;3
14219;3
14220;2
14221;3
14222;3
14226;3
14227;3
14228;2
14236;3
14237;3
14238;3
14240;3
14242;3
14248;3
14250;3
14253;3
14254;3
14256;3
14257;3
14258;3
14259;3
14260;3
14261;3
14263;3
14264;3
14267;3
14268;2
14269;3
14270;3
14271;3
14272;3
14273;3
14277;3
14279;3
14280;3
14283;3
14286;3
14289;3
14290;3
14295;3
14300;3
14301;3
14302;3
14304;3
14307;3
14308;3
14309;3
14312;3
14313;3
14316;3
14318;3
14319;3
14320;3
14324;3
14325;3
14331;3
14333;3
14337;3
14338;3
14339;3
14340;3
14345;3
14346;3
14347;3
14349;3
14352;3
14354;3
14356;3
14357;3
14361;3
14366;3
14368;3
14371;3
14372;3
14382;3
14385;3
14388;3
14389;3
14390;3
14391;3
14392;2
14393;3
14398;3
14401;3
14403;3
14405;3
14406;3
14409;3
14413;3
14414;3
14415;3
14417;3
14424;3
14427;3
14429;2
14431;3
14434;3
14435;3
14436;3
14437;3
14438;2
14440;3
14446;3
14455;3
14456;2
14459;3
14461;2
14462;3
14466;2
14467;3
14468;3
14470;3
14472;3
14473;3
14474;2
14475;2
14476;3
14478;3
14479;3
14481;3
14482;3
14484;3
14485;3
14489;3
14490;3
14491;3
14494;3
14497;2
14499;3
14501;3
14502;3
14504;3
14505;3
14506;2
14511;3
14513;3
14517;3
14519;2
14520;3
14521;3
14523;3
14524;3
14525;3
14529;3
14532;3
14533;3
14534;3
14538;3
14539;3
14540;3
14542;3
14545;3
14546;3
14547;2
14548;3
14550;2
14551;3
14552;3
14553;3
14554;3
14555;3
14558;3
14561;3
14562;3
14564;3
14568;3
14571;3
14574;3
14577;3
14586;3
14587;2
14589;3
14590;3
14591;3
14592;3
14593;3
14595;3
14599;3
14600;3
14601;3
14602;3
14604;2
14607;2
14608;3
14610;2
14614;3
14617;3
14618;3
14619;3
14622;3
14626;3
14628;3
14629;3
14630;3
14636;3
14637;3
14638;3
14639;3
14640;3
14642;3
14643;3
14645;3
14646;3
14648;2
14650;3
14653;3
14655;3
14656;3
14657;3
14658;3
14659;3
14660;3
14661;3
14663;3
14664;3
14665;3
14668;3
14670;3
14671;3
14678;3
14684;3
14685;3
14688;3
14689;3
14690;3
14696;3
14699;3
14700;3
14701;3
14703;3
14704;3
14706;3
14708;3
14709;3
14712;3
14713;3
14715;3
14717;3
14719;3
14720;2
14722;2
14723;3
14724;3
14725;3
14727;3
14728;3
14729;3
14735;3
14737;3
14739;3
14741;3
14742;3
14744;3
14746;3
14748;3
14749;3
14750;3
14760;3
14762;3
14763;3
14764;3
14766;3
14767;3
14768;3
14777;3
14778;3
14779;3
14782;3
14783;3
14785;3
14786;3
14788;3
14789;3
14790;3
14796;3
14797;3
14802;3
14804;3
14805;3
14807;3
14808;3
14812;2
14813;3
14814;3
14815;3
14821;3
14822;3
14823;3
14824;3
14825;3
14827;3
14829;3
14832;3
14833;3
14834;3
14835;3
14839;3
14841;3
14843;3
14845;3
14848;3
14849;3
14851;3
14852;3
14854;3
14855;2
14857;3
14860;3
14862;3
14863;3
14865;3
14867;3
14869;3
14872;3
14876;3
14877;3
14878;2
14880;2
14883;3
14884;3
14887;3
14889;2
14891;3
14892;3
14899;3
14900;3
14902;3
14903;3
14906;3
14909;3
14912;3
14913;3
14914;3
14915;2
14917;3
14918;3
14921;3
14922;2
14923;3
14924;3
14931;3
14933;3
14936;3
14938;3
14939;3
14947;3
14952;3
14953;3
14955;3
14956;2
14959;3
14961;3
14963;3
14965;3
14967;3
14969;3
14970;3
14971;3
14976;3
14978;3
14979;3
14981;3
14986;3
14991;3
14992;3
15003;3
15006;3
15008;3
15009;2
15010;3
15015;3
15017;3
15018;3
15020;3
15021;3
15022;3
15025;3
15026;3
15028;3
15031;3
15033;3
15034;3
15035;2
15036;3
15041;3
15042;3
15045;2
15046;3
15047;3
15048;2
15050;3
15053;3
15055;3
15058;3
15060;3
15061;3
15062;3
15063;3
15067;3
15070;3
15071;3
15072;3
15075;3
15080;3
15084;3
15087;2
15091;3
15092;3
15096;3
15097;3
15099;3
15102;3
15103;3
15104;3
15105;3
15110;3
15112;3
15114;3
15115;3
15118;3
15121;3
15125;3
15129;3
15131;3
15134;3
15136;3
15141;2
15142;3
15143;2
15144;3
15147;3
15152;3
15153;3
15154;3
15155;3
15156;3
15162;3
15165;3
15166;3
15167;3
15169;3
15170;2
15171;3
15172;3
15173;3
15174;3
15176;3
15177;3
15179;2
15186;3
15191;3
15192;3
15196;3
15197;2
15201;3
15202;3
15205;3
15206;3
15207;3
15208;2
15214;3
15216;3
15217;3
15219;3
15225;3
15226;3
15227;3
15230;3
15231;3
15236;3
15237;3
15240;3
15243;3
15244;3
15246;3
15248;3
15254;3
15257;3
15260;3
15261;3
15262;3
15264;3
15267;3
15268;3
15269;3
15270;3
15271;3
15273;2
15274;2
15280;3
15281;2
15286;3
15291;3
15292;3
15294;3
15295;3
15296;3
15297;3
15298;3
15300;3
15301;3
15302;3
15305;3
15307;3
15309;3
15310;3
15311;3
15313;3
15315;2
15320;3
15321;3
15322;3
15324;3
15326;3
15327;3
15328;3
15329;3
15330;3
15333;3
15340;3
15341;3
15342;3
15343;3
15344;3
15345;3
15346;3
15347;2
15349;3
15351;3
15352;3
15353;3
15355;3
15361;3
15362;3
15366;3
15368;3
15371;3
15373;3
15377;3
15379;3
15382;3
15384;3
15385;3
15386;3
15388;3
15389;3
15390;3
15393;3
15394;3
15398;3
15399;3
15400;3
15401;3
15405;3
15406;3
15407;3
15409;3
15411;3
15413;3
15417;2
15421;3
15425;3
15428;3
15429;3
15431;3
15432;2
15434;3
15438;3
15441;3
15442;3
15443;3
15444;3
15446;3
15447;2
15451;3
15456;3
15458;3
15463;3
15465;3
15468;3
15469;3
15470;3
15471;3
15474;3
15475;3
15476;3
15478;3
15483;3
15493;3
15495;2
15498;3
15499;3
15500;3
15501;3
15502;3
15504;3
15505;3
15507;3
15508;3
15509;3
15510;3
15512;3
15514;3
15515;3
15517;3
15518;3
15521;2
15524;3
15527;3
15530;3
15531;3
15535;3
15538;3
15539;3
15540;3
15541;3
15542;3
15543;3
15544;3
15547;2
15551;3
15552;3
15553;3
15555;3
15557;3
15560;3
15561;3
15562;3
15563;3
15564;3
15566;3
15569;3
15576;3
15578;3
15579;3
15581;3
15582;3
15583;3
15587;3
15590;3
15593;3
15595;3
15597;3
15598;3
15600;3
15601;2
15603;3
15605;3
15606;3
15608;3
15610;3
15611;3
15614;3
15617;3
15618;3
15620;3
15623;3
15626;3
15629;3
15635;3
15636;2
15639;3
15640;3
15642;3
15643;3
15646;2
15651;3
15653;3
15656;3
15660;3
15662;3
15663;3
15668;3
15669;3
15671;3
15672;2
15673;3
15676;3
15677;3
15678;3
15679;3
15680;3
15681;3
15685;3
15692;2
15693;3
15694;3
15695;3
15697;2
15698;2
15699;3
15700;3
15701;3
15703;3
15705;3
15706;3
15708;2
15709;3
15712;3
15713;3
15715;3
15717;3
15718;3
15719;3
15723;3
15724;3
15727;3
15728;3
15733;3
15734;2
15735;3
15736;3
15739;3
15742;3
15743;3
15748;3
15749;3
15750;3
15751;3
15752;3
15754;3
15757;3
15759;3
15760;3
15761;2
15764;3
15765;3
15767;3
15772;3
15774;3
15776;3
15778;3
15779;3
15780;3
15781;3
15786;3
15787;3
15788;3
15789;3
15790;3
15792;3
15795;3
15796;3
15797;3
15798;3
15800;3
15803;3
15805;3
15806;3
15809;3
15811;3
15812;3
15813;2
15815;3
15817;3
15818;2
15820;3
15825;3
15827;3
15829;3
15830;3
15836;3
15838;3
15839;3
15840;3
15841;3
15845;3
15847;3
15851;3
15855;3
15858;3
15860;3
15862;3
15863;3
15866;2
15867;3
15871;3
15872;2
15873;3
15874;3
15880;3
15884;2
15885;3
15886;3
15887;3
15892;3
15893;3
15894;3
15895;3
15900;3
15901;3
15902;3
15904;3
15905;2
15910;3
15912;3
15913;3
15914;3
15915;3
15916;2
15917;2
15920;3
15921;3
15922;3
15924;3
15928;1
15929;4
15930;1
15932;3
15934;3
15936;3
15937;2
15940;3
15941;3
15944;3
15946;3
15947;3
15948;3
15949;3
15951;3
15954;3
15956;3
15957;2
15958;3
15959;2
15960;2
15962;3
15963;3
15965;3
15970;3
15972;3
15974;3
15977;3
15979;3
15981;3
15985;3
15986;3
15988;3
15989;3
15990;3
15992;3
15993;3
15995;3
15996;3
15997;3
15998;3
16000;3
