auct_id;$N-gms_greater_avg
14053;0
10228;0
10227;0
12696;1
10224;1
12687;1
10220;0
10219;1
12684;1
10217;1
10216;1
10214;1
10213;1
10212;0
10210;0
10208;0
10207;1
12679;1
12677;1
12674;0
10203;0
12670;1
10196;0
12669;1
12665;0
10192;0
10186;0
12659;0
10181;1
12658;1
10178;1
12657;0
15926;0
15925;0
15923;0
10173;1
15918;0
15911;0
12649;0
12641;1
15907;0
12636;1
10168;1
10166;0
15898;0
15896;0
12635;1
15890;1
15889;0
10165;1
15883;0
10164;0
15881;0
10161;0
10159;1
12630;0
15876;0
10155;0
12629;1
12628;1
15868;0
15865;0
12625;1
15861;0
15859;0
15857;0
15856;1
15854;0
15853;0
12623;1
15850;0
10152;1
15848;0
15846;0
12622;1
15843;0
15842;0
12616;0
15835;0
10151;0
12608;1
15832;0
15831;0
15828;0
15826;0
10148;0
10147;0
15822;0
15821;0
15819;1
10144;1
10143;1
15810;0
12607;0
12606;0
15804;0
15802;0
10141;0
12604;1
15794;0
12603;1
15791;0
12594;1
15783;1
12591;0
15777;0
15775;0
15773;0
12588;0
10138;0
15769;0
12585;1
15766;1
15763;0
12581;0
15758;0
15756;0
10135;1
10132;0
15747;0
15746;0
12580;0
12579;0
12578;0
15740;0
15738;0
12565;0
15732;0
15731;0
15730;0
15729;0
15726;0
15725;1
12563;0
15721;0
12562;0
10127;1
15714;0
12559;0
12553;0
12551;1
15702;0
15696;0
12548;0
15690;0
12545;0
12543;0
12540;0
12538;1
10122;1
15683;0
15682;0
15675;1
12534;0
12532;1
12531;1
15666;1
15665;0
12530;1
10121;0
12529;1
12528;1
12520;0
12516;1
15654;0
15652;0
12515;1
10120;0
12509;0
15647;1
15645;0
15644;0
12503;1
15638;0
15637;0
15634;0
15633;0
10119;1
15631;0
12501;1
12500;0
15627;0
10117;0
15624;0
12497;1
12493;0
10110;1
15616;0
12486;1
15613;0
15612;0
12481;0
15607;0
15604;0
15602;0
15599;0
10109;1
12480;1
15592;1
10103;1
10102;0
15588;0
12462;1
12461;0
10100;1
15580;0
12456;1
10099;1
10098;0
15573;1
12445;0
12444;1
12441;1
10097;0
12437;1
15565;1
15559;0
12435;1
15556;0
15554;0
12434;0
12431;0
10095;0
15546;1
10094;0
12426;1
15536;0
12425;1
15533;1
15532;0
15529;0
15528;0
15526;0
15525;0
12424;0
12421;0
15520;1
15519;0
12420;0
12418;0
12403;0
12396;1
12388;0
15497;0
12381;0
12358;0
12356;1
15491;0
15490;0
12348;0
12344;0
15487;0
15486;0
12340;1
15484;1
15482;1
15481;1
10089;0
15479;0
15477;0
12339;0
12332;1
15467;0
12321;0
12305;1
15462;0
15461;1
12302;1
15459;0
15457;1
12300;1
10083;0
12297;0
15452;0
10082;1
10081;0
10080;1
15445;1
12294;0
12289;0
15437;0
15436;0
12285;0
15433;0
15430;1
10075;1
15426;0
15424;1
15423;1
15422;0
15420;1
12284;0
15418;0
12281;0
12278;0
12275;1
12272;0
12271;1
15408;0
15404;0
15403;1
10072;1
15397;0
15396;1
15395;0
12269;1
15391;1
15387;1
12267;0
12264;0
15380;0
15378;1
15376;0
10071;1
12262;0
12261;1
15370;0
10069;0
15367;1
12256;1
15364;0
10065;0
15360;0
15359;0
12254;1
12251;0
15356;0
15354;0
15350;0
10064;1
15339;0
12250;0
12243;0
12242;0
15335;0
12237;0
15332;1
12232;0
15325;0
15323;0
10063;0
15318;0
15317;0
12230;0
15314;1
15312;0
12227;0
15306;0
10061;1
12225;1
12224;0
12223;0
10057;1
10056;1
15288;0
12221;0
12217;0
15284;0
15283;0
15282;0
12216;1
12214;1
15277;0
10053;0
15275;0
12210;1
15266;0
12209;0
15263;0
15259;0
12208;0
15256;1
15255;0
12203;0
15252;0
12202;1
12201;0
15249;0
15247;0
12200;1
10049;0
12194;1
10047;0
12187;0
15235;0
12184;0
12181;1
12178;0
15229;0
12169;0
15224;0
15223;0
15222;0
15221;0
12158;0
10044;0
15213;0
15212;0
12156;0
15210;0
15209;0
15204;0
15203;0
10043;0
15199;0
15198;0
10041;1
15194;0
15193;1
15190;0
15189;0
15188;0
12150;0
12149;1
10039;0
10035;1
10034;1
12147;0
12145;0
15178;1
10032;0
12144;0
10031;0
12137;1
15161;0
12136;1
12135;0
15158;0
15157;0
15151;0
15150;1
15149;0
10030;0
12134;0
12133;0
12123;1
12109;0
10029;0
15137;1
15135;0
12108;0
15132;1
10026;0
15128;1
12107;0
12102;1
12097;1
15123;0
12094;1
15120;0
12088;0
12080;0
15116;0
12070;1
15111;0
12069;0
12061;0
12056;0
15106;1
15101;1
15100;0
12046;0
15095;1
12044;0
12039;0
15090;0
10025;0
12034;1
15086;1
10023;0
15083;1
15082;1
12033;1
15079;1
15078;1
15077;1
15076;1
15074;1
12031;0
12003;0
12000;0
15066;0
11998;1
15064;0
11997;0
11996;0
11992;0
15054;1
15052;1
15051;1
11991;1
11988;0
15043;0
10017;1
15039;1
11982;1
15037;0
11979;0
11974;0
15029;1
11968;0
15024;0
15023;0
11962;0
11958;0
11953;1
10014;0
15012;0
11951;0
11946;0
15005;0
11944;0
11943;0
11933;0
11932;1
11914;0
14998;1
14997;1
11909;1
14995;1
11904;1
14993;0
11903;1
10013;0
14988;0
11879;0
14985;1
11854;1
11853;1
14982;0
14980;0
11848;1
14975;1
11847;1
11844;0
11841;0
11837;0
11834;0
11833;0
14962;0
11832;0
14958;1
11827;0
11815;0
10005;1
11811;1
14949;0
11810;1
11803;0
14945;0
11798;0
11795;0
10004;1
14941;0
10001;0
11794;0
11792;0
11789;1
11784;1
11778;0
11772;1
11768;1
11758;0
14920;0
11754;0
14916;0
11750;1
14910;0
10000;0
11749;0
14905;0
11746;0
11745;0
14898;1
11742;1
11739;0
11735;0
14894;0
11733;0
14890;0
11726;0
11724;1
11723;1
14882;1
11721;0
11720;1
11718;0
11717;1
11716;1
11713;0
11704;0
9999;1
11703;0
11701;0
14861;0
11700;0
14858;1
11698;0
11695;0
14850;1
14847;0
11693;0
11692;0
11689;0
9996;1
14838;0
11685;1
11684;1
14831;0
11675;0
11674;0
11671;1
11670;0
11667;0
11666;1
11665;1
11663;0
11662;0
11660;1
14809;0
11659;1
11653;0
14801;0
14800;0
14799;1
11652;0
11644;0
11632;0
11628;1
14792;0
14791;0
11626;0
11623;0
14781;1
11618;0
14775;1
11617;0
14773;0
3001;0
14771;0
14770;1
11612;0
11609;0
14761;0
11608;0
11605;0
14757;0
11604;0
11601;0
11594;0
11590;0
14752;1
14751;0
11589;1
11587;1
14743;0
11586;0
11585;0
11582;0
11581;1
11574;1
11573;0
11568;0
14730;0
11567;0
14721;0
11564;0
14716;0
14714;0
11559;0
14710;1
14707;0
14705;0
11558;1
11557;0
11551;1
14695;0
14694;0
11546;1
14692;0
11543;0
14687;0
14686;0
11538;0
11536;0
14681;0
11535;0
14679;0
11533;1
14676;1
14675;1
11531;1
11522;0
11516;0
11505;1
11503;0
14666;1
11498;1
11497;0
11484;0
11482;0
11479;0
11478;1
14641;0
11475;0
11463;1
14633;1
11461;0
14631;0
14627;1
14624;0
14623;0
14621;0
11458;1
14616;0
11454;1
11450;0
14612;1
14611;0
14609;1
11445;0
3340;1
14603;1
11436;0
11428;1
11427;1
11426;1
14588;0
11425;0
14584;0
14583;0
14582;0
14581;1
11421;0
11420;1
14578;1
11415;0
11413;0
11412;0
11410;0
11409;0
11405;0
11404;1
14565;0
14563;0
14560;0
11398;0
11391;0
14556;0
11388;1
14544;1
11378;0
11373;1
14537;0
14536;0
11372;1
11363;1
14530;1
14528;0
14527;0
14526;0
11359;0
14518;0
14516;0
14515;0
14514;0
11343;0
11341;1
14509;0
11339;0
11336;0
11333;0
11331;1
14496;1
11328;0
14493;0
14492;0
11327;1
11324;1
11314;0
11313;1
14480;1
11309;0
14471;1
14465;1
11308;1
14463;1
14460;0
11305;0
11304;1
11300;0
11299;0
14452;0
14451;0
14450;0
11297;0
14448;1
11293;0
11288;0
14444;0
11284;0
14442;0
11282;0
14439;1
14433;0
11278;1
14430;0
11274;1
14426;1
14425;0
11268;0
14422;1
11267;0
11265;0
14419;1
11262;0
11260;1
14412;0
11257;0
11248;1
14408;0
11243;0
11242;0
11239;0
14400;0
14399;1
14397;0
11237;0
14395;0
11235;0
7014;0
11232;1
11229;0
11227;0
11224;0
11217;0
14379;0
14378;0
11213;1
11205;0
14375;0
11204;0
14373;0
11202;1
14369;1
11201;1
14365;1
11191;0
14363;0
11188;1
11187;1
11186;0
14358;0
14355;0
14353;0
11185;0
11184;1
14348;0
14344;0
14343;0
11179;1
11177;1
11160;0
11158;1
11157;1
14332;0
14329;0
11155;0
11151;0
14326;1
11149;0
11144;0
14321;0
14317;1
14315;0
14314;1
14311;0
14310;0
11140;0
11139;0
14303;0
14299;0
14298;1
14297;0
11138;0
11134;1
14293;0
11132;1
14291;0
14288;0
11129;1
14285;0
11127;0
14282;0
11125;0
11115;0
11114;1
11106;0
11105;0
11100;1
14262;0
11095;0
11092;1
11090;0
11088;1
11087;1
11084;0
11083;0
11082;0
11079;1
14241;0
14239;0
11076;0
11074;0
11073;0
14232;0
11069;1
14230;0
11067;1
11063;0
11062;1
11060;1
11056;1
14216;0
11055;1
14212;1
14210;0
11044;0
14208;1
14207;1
11042;0
14204;0
14202;0
11040;0
11039;1
11034;1
11033;0
11031;1
14191;0
11024;0
14187;1
14182;0
11020;0
11015;0
11011;0
14174;1
11004;1
14172;0
14171;0
14167;0
14162;0
11002;1
14159;0
14158;0
11001;1
10988;0
14150;0
10986;1
10983;1
14144;0
14143;1
14142;1
14141;0
14140;0
10982;1
14138;0
10980;0
10978;1
10977;0
10966;1
14126;0
14125;1
10965;1
14120;0
14118;0
14114;0
14111;0
14106;0
14105;1
14103;1
10960;0
10958;0
14092;0
14090;0
14086;0
10957;1
10955;1
14080;0
10954;0
10949;1
14073;0
10948;0
14067;0
10947;1
10945;0
10944;0
10942;0
10932;0
10931;0
10930;1
10928;1
14051;0
14050;0
14048;1
14047;1
14045;0
14044;0
10915;0
10913;1
10906;0
10891;0
14035;0
10890;1
10885;0
14029;0
14028;0
10882;1
14025;1
14024;0
10879;0
10877;0
14018;0
14015;0
14014;1
10876;1
14009;0
10874;0
14006;0
14005;0
14004;1
10873;0
10866;0
10865;1
13997;1
10864;1
10863;0
10862;0
10861;0
10857;1
10850;1
10847;1
13975;0
13973;0
13969;1
10840;1
13967;0
13966;1
13964;0
10832;1
10830;1
13954;1
10825;1
10824;0
10821;0
13944;0
10817;1
13938;0
10815;0
10806;1
10802;0
10795;1
13923;1
13922;1
13921;1
13918;1
10794;1
13913;1
10783;1
13911;0
10781;1
13907;0
10778;1
13905;0
10775;0
13902;1
10769;0
13898;0
10768;0
13894;0
13891;0
10764;0
10763;0
13885;0
13884;0
10762;1
10760;1
10758;1
10756;1
13876;1
13875;1
13874;1
13873;1
13872;0
13870;1
13866;0
13865;0
13864;1
13861;0
13859;0
10753;0
10752;1
10751;1
13852;1
13851;0
13847;0
10750;0
10748;0
10745;0
13839;0
10742;1
13832;0
13830;0
10738;1
13828;0
13827;0
13823;0
10736;0
13820;0
13818;0
10735;0
10734;0
495;1
13811;0
10732;0
10730;0
13806;1
10729;1
10718;0
10717;1
13798;0
13793;0
13792;0
10716;0
10709;1
10708;1
13781;0
10707;0
13777;1
10704;1
10703;1
13770;1
10702;0
10699;1
10693;1
10691;1
10682;1
13752;0
10681;0
10680;1
13745;1
13744;0
13742;0
10679;0
13737;0
10677;0
10675;1
13730;0
10670;0
10658;0
13725;0
13723;1
13720;1
13719;0
10655;1
13716;0
13715;0
13713;0
10650;1
10648;1
10647;0
10645;1
10638;0
13706;0
13704;0
10635;0
13700;0
13699;0
10633;0
13695;0
13694;1
10632;0
10629;1
13687;0
13684;0
10624;1
10622;0
13680;0
10621;1
10620;0
10617;0
13672;0
10616;1
10615;1
13661;0
13660;0
13659;0
10612;0
10611;1
13655;1
13654;0
10605;1
10602;1
10598;0
10595;1
13645;0
13643;0
13641;0
10593;1
10591;1
13638;1
13636;0
13635;1
10583;0
10582;1
13630;0
10578;0
10576;1
13627;0
13625;0
13624;0
10572;0
10569;0
10568;1
13619;1
13618;0
13615;1
13613;1
13612;0
13611;1
10566;0
13606;1
10561;1
13602;0
13600;0
10558;1
10556;1
13590;0
13589;0
13588;0
13585;1
10555;1
10554;0
13578;0
10552;1
10551;0
10549;0
10544;0
13570;0
13565;0
13564;0
10541;0
10540;0
10539;1
10538;0
13548;1
10535;0
10533;0
10532;1
10531;1
13529;0
13528;1
13526;1
10529;1
13524;1
13523;1
10525;1
10521;0
13512;1
13510;1
10520;1
13504;1
10519;0
13502;1
10512;1
13495;1
13490;1
10507;1
13486;0
13484;1
10505;1
13481;1
10504;0
13475;0
13468;1
10503;1
13465;0
10496;0
10493;0
10487;0
13453;0
13452;1
13449;1
13447;1
10485;1
10484;1
10481;0
13437;0
10479;0
10474;1
10467;0
13429;1
13423;0
13420;1
10464;1
13417;1
10462;0
13415;1
10456;1
10452;1
10447;1
10446;0
13409;1
10445;0
13406;1
10440;0
10439;1
10438;1
13394;0
13389;1
10437;0
13386;1
10436;0
10435;0
10431;0
10429;1
13373;1
13372;1
10426;0
10425;1
13368;1
13366;0
10424;0
13360;0
13359;1
10423;1
10422;0
10421;0
13352;1
13351;0
13350;0
13349;1
13348;0
10418;0
10414;0
10413;1
10401;0
10387;1
10385;0
13338;0
13337;1
13332;1
10382;1
13326;1
13325;0
13324;1
13321;1
10377;0
13316;0
10375;1
10372;0
10368;0
10365;1
13309;0
13308;0
10358;1
10355;0
13300;0
13298;1
13297;1
13295;0
10353;0
13289;1
13288;0
10352;1
10348;1
13282;0
10347;1
13279;0
10345;0
13275;1
13274;1
10344;1
13263;1
10340;0
10338;0
10335;1
10333;0
13249;1
13248;1
10330;1
10326;0
10322;0
10321;1
10320;1
13232;1
10315;1
10313;0
10311;1
10309;0
13226;1
10308;0
10304;0
10300;1
13218;1
10299;1
13213;0
10298;1
13210;0
10297;1
10293;1
10290;0
10287;1
10286;0
10282;1
13197;1
10281;0
10280;1
10279;0
10274;0
10271;0
10268;0
10267;0
10265;0
10263;0
13180;1
10262;0
10259;1
10255;1
13168;0
10254;1
10250;1
10247;0
10246;1
10241;0
13157;0
10237;0
13155;1
13154;1
10234;1
10232;1
10231;0
13145;0
13144;0
10230;0
13140;0
10229;0
13133;0
13132;1
13129;0
13128;0
13124;1
13122;1
13115;0
13113;1
13106;0
13105;0
9750;1
13070;1
13066;0
13064;0
13061;1
13059;1
13058;1
13056;1
13052;1
13046;1
13039;0
13036;1
13028;1
13024;1
13020;1
13015;0
12999;1
12986;1
12978;0
12977;1
12971;0
12966;0
12961;1
12960;1
12956;0
12947;1
12944;0
12943;1
12942;0
12939;1
12938;0
12937;1
12936;0
12935;0
12932;1
12925;0
12922;0
12917;0
12916;0
12913;1
12900;1
12894;0
12890;1
12876;0
12874;0
12873;1
12860;1
12854;0
12853;0
12849;1
12846;0
12839;0
12838;1
12833;1
12827;1
12821;1
12818;1
12815;0
12809;1
12807;1
12796;1
12793;1
12792;1
12781;0
12776;0
12775;0
12769;0
12767;1
12765;1
12755;1
12749;0
12748;0
12747;0
12744;1
12739;0
12738;0
12733;0
12726;0
12723;0
12720;1
12719;1
12718;1
12712;1
12710;1
12709;0
12704;1
12701;1
12698;1
12697;1
15088;0
13003;1
10715;1
10714;1
10205;1
12533;1
11831;1
11828;1
10193;0
13002;1
11826;0
11823;1
15909;1
15908;0
10695;0
15891;0
11819;1
15870;1
15869;1
15864;1
15852;1
15844;0
15837;1
10150;1
15808;1
15807;0
15799;0
12837;1
15784;0
15782;1
10689;0
15768;1
15762;0
15745;1
15744;1
12836;1
15737;0
15722;1
15720;1
15711;0
15710;1
15707;0
15691;0
15689;0
13000;0
11809;1
15686;1
15674;0
15670;0
15667;1
15664;0
15659;1
15658;1
15657;1
15655;0
15650;0
15648;1
15641;1
15630;1
15628;1
15622;1
15621;1
15615;1
15609;0
15594;1
15586;1
15585;1
15577;1
15572;1
15571;1
15570;1
15567;1
15558;0
15550;1
15549;1
11807;1
15534;1
15523;1
15522;1
15516;1
15513;1
15511;1
15506;1
15503;1
15496;1
15494;1
15492;1
15489;1
10668;0
10661;0
11802;1
15472;0
15466;0
15464;1
10084;1
15455;0
15453;1
15440;1
15439;1
10076;0
15419;0
15416;1
15415;1
15414;1
10652;1
15410;1
15392;1
15383;0
15381;0
15374;0
15372;1
10651;0
15358;1
15357;1
15338;0
15337;0
15336;1
15334;0
15331;1
15316;1
15308;1
7282;1
11797;0
15293;1
11796;1
15285;0
10054;0
15278;1
15272;1
15265;1
15258;1
15253;0
15251;0
10641;0
12518;1
15241;1
10634;0
15234;1
15233;1
15232;1
15228;1
15220;1
15211;1
15187;1
15185;0
15181;0
15180;1
15168;1
15163;1
15160;1
15159;1
15146;0
15145;1
15140;1
15139;1
15133;1
15127;0
15126;1
15124;1
15122;1
15119;1
15117;1
15113;0
15109;1
15108;1
15107;0
15098;1
15094;0
15093;0
14543;0
15081;1
15073;1
13075;1
15068;1
15065;1
15059;1
15057;0
11787;1
15049;0
15044;1
15038;0
11786;1
15030;1
15027;1
15019;1
15016;1
15014;1
15011;1
15007;1
15004;1
15002;1
15001;1
15000;1
14999;1
14996;0
14994;1
14990;0
14987;1
14984;0
12514;1
14977;0
14974;1
10618;1
14972;1
14968;0
14966;1
14964;1
14960;0
14957;1
14954;0
14950;1
14948;0
14946;1
14944;1
14943;1
14935;1
14932;1
14930;1
14929;0
14928;1
14927;1
14926;1
14925;1
14919;1
14911;1
14907;1
14904;1
14901;0
14897;1
14896;1
14895;0
14893;0
14888;1
14886;1
14885;1
14881;0
14879;0
14875;0
14874;1
14873;0
14871;0
14870;0
14866;1
10613;1
14859;0
14856;0
11774;0
14846;1
14844;0
14842;1
14837;1
14836;1
14830;1
14828;1
14826;0
14820;1
9993;1
14818;1
14817;1
12510;1
14811;0
14810;1
10604;0
12996;0
10597;1
14795;1
10596;1
14793;1
14787;1
14784;1
14776;1
11760;0
12508;1
14769;1
14765;0
14759;1
14758;1
14756;1
14755;1
14754;1
14753;1
10588;0
14745;0
14740;1
14738;1
14736;1
14734;1
14733;1
14732;0
14731;1
14726;1
14718;1
14711;1
14702;1
14698;1
14697;1
14693;1
14691;1
14683;1
10587;1
10579;0
14677;1
14674;1
14673;1
14672;1
14669;0
14667;1
14654;1
14652;1
14651;0
14649;0
14647;1
14644;1
14635;0
14634;1
14632;1
14620;1
12995;0
14613;1
12994;0
14605;1
10574;0
12498;1
14596;0
14594;0
14585;1
14580;0
14579;1
12811;1
14575;1
12993;0
14572;1
14570;1
14569;1
14566;0
14559;0
14557;1
14549;0
10564;0
14541;1
11738;1
14531;0
14522;1
14512;1
14510;1
14508;1
14503;1
14500;1
10560;1
14495;1
14488;1
12990;0
14486;1
14483;0
14477;1
14464;1
14458;1
14457;1
14454;1
14453;1
11732;0
14447;1
14445;0
14443;1
14441;1
14432;1
14428;0
14423;1
14421;0
11730;1
14418;1
14416;0
11727;0
14410;0
14407;0
14404;1
14402;1
14396;0
10550;1
14386;0
12483;1
12800;1
14381;1
12471;1
11711;1
14376;1
11706;1
14370;1
14367;1
14364;0
14362;1
14360;1
14359;1
14351;1
12470;1
10527;0
14341;1
12469;1
11702;0
14334;1
12468;1
14327;1
12467;1
14322;0
10518;1
14305;0
14296;0
14294;0
12463;1
14287;0
12797;1
14281;1
14278;1
14276;0
14274;1
14266;1
11694;0
14255;0
14252;1
14251;1
14249;1
14247;0
14246;1
12989;0
14244;1
14243;1
10502;0
14234;0
14233;0
14231;0
10497;1
12794;1
14224;1
14223;1
14218;1
14215;0
11679;1
14206;0
10465;0
14199;1
14197;1
14196;0
14195;0
14188;1
14181;0
14178;0
14176;0
14173;0
14160;1
14156;1
14151;1
12449;1
14146;1
14139;0
14135;1
13073;1
14131;1
10457;1
14122;1
14095;1
14094;0
12983;1
14084;1
10449;1
14074;0
14068;1
14065;0
10448;1
14063;1
14062;1
14059;0
14057;0
14055;1
11993;1
14042;0
14041;0
14038;1
14036;0
14033;1
14030;0
14027;1
14023;0
14022;1
14010;1
14007;1
14002;1
12442;1
12791;1
13995;1
13988;1
13986;1
13983;0
13981;1
13980;1
13977;0
12438;1
12790;1
11661;1
13953;1
13948;1
13945;1
13939;1
13937;0
13936;0
13934;1
13929;0
12782;1
13912;1
13910;1
13906;0
12432;1
13900;1
13896;1
13890;1
12981;1
11651;1
13880;1
13878;0
11642;0
13857;1
13856;1
11636;0
13846;1
13845;1
13843;0
13835;1
13829;1
13822;1
13817;1
12777;1
13810;1
13807;0
13805;1
13804;1
12979;1
10399;0
13789;1
13787;1
13780;0
13774;1
13771;1
10389;0
13766;0
13764;1
13760;1
12772;1
11621;1
12771;1
10380;0
13733;1
11615;1
13729;1
13728;1
13718;1
5439;1
13711;0
13710;1
13708;1
13707;1
13703;0
11611;1
13692;1
13069;1
13682;0
13681;1
13679;1
13678;0
13677;1
13669;1
13068;0
12395;1
12392;0
13653;1
13650;1
12766;1
13647;1
11588;1
13639;0
10323;0
13631;1
13629;0
13628;1
13623;1
13622;0
13621;1
12384;1
13604;1
13594;1
11584;1
13581;1
13579;1
13576;1
13575;0
13573;1
12377;1
13562;1
13557;1
13552;1
10310;0
13544;0
13541;0
13535;1
13532;1
13525;1
13521;0
13519;1
12376;1
13503;1
12374;1
13487;1
13482;1
13478;1
13466;1
13464;1
13460;1
13456;0
13446;1
11571;1
13441;0
12371;1
12369;1
13432;1
13419;1
13416;0
13414;1
13412;1
13411;1
13410;1
12367;1
13399;1
13397;1
13396;1
13387;1
13385;1
13383;1
13379;1
13377;1
13371;1
13369;1
13364;1
13356;1
13355;1
12362;0
13347;1
13346;1
13345;1
10276;0
13340;1
13339;1
13329;1
13317;1
13315;1
13314;1
13312;1
12760;1
12347;1
13303;1
13291;1
12343;1
13283;1
12757;1
13277;1
12969;1
13260;1
13258;1
13255;1
11519;1
12754;1
13242;1
13240;0
11511;0
13235;1
13231;1
13229;0
13228;0
13227;1
11509;0
13223;0
13217;1
13211;1
13209;1
13206;1
13203;1
13200;1
13193;1
13192;1
13190;1
13185;1
13184;1
13182;1
13181;0
13178;0
13170;1
13166;0
13164;1
13163;0
13160;1
13150;1
13148;1
13147;1
13139;0
12315;0
11495;1
11494;1
12306;1
12750;1
12968;1
11473;1
11466;0
12967;1
13114;1
12963;1
11457;1
12962;0
13065;1
11443;1
12282;1
11434;0
11431;0
12735;1
12273;1
12730;0
13110;1
11416;1
12725;0
12722;1
12950;0
12257;1
13108;1
12716;0
12714;1
11380;1
12247;0
12246;1
12244;1
11371;0
11370;1
11369;0
11366;1
12945;1
12231;1
11329;0
11325;0
13102;1
11321;0
11317;1
12690;1
12689;1
12688;1
12686;1
11302;1
12683;1
12681;1
11295;0
13040;1
12934;1
13092;1
12198;1
11279;1
12197;1
11277;0
12196;0
12195;1
12671;1
12192;0
12930;1
12929;0
11258;0
12668;1
11256;0
12928;1
12176;0
12662;1
12165;1
12164;1
13038;1
12924;1
11230;1
12154;1
11225;1
13037;1
12148;1
11209;0
12655;1
12146;0
12921;1
12648;0
11200;1
11193;0
12141;1
12139;1
12645;1
12644;0
11178;0
12643;1
11163;0
11161;1
11159;1
12124;0
12919;1
12122;0
4049;1
11141;1
13091;1
12099;1
13035;1
13032;1
12092;1
12091;1
12910;0
11109;0
12627;1
11098;1
12078;1
11091;0
12909;1
12904;1
12064;1
12902;1
12617;1
12053;0
12050;1
13030;1
12610;1
12038;1
12032;1
12893;1
12028;1
11030;0
10996;0
10990;1
13088;1
12884;1
13085;1
11990;1
13023;1
11983;0
12587;1
10952;1
11980;1
11978;0
12866;1
11969;1
12865;1
11966;0
11965;1
12864;0
10923;1
11960;1
13076;1
10903;1
10899;1
11947;0
10886;1
10884;1
12859;1
11942;0
11940;0
11937;0
10872;1
12857;1
12855;0
11929;1
12798;1
11922;0
11915;1
10855;0
12555;1
11912;1
4651;0
11911;1
10837;0
12554;1
13010;0
12552;1
11896;1
10811;0
11890;1
11889;1
10780;1
13007;1
11878;1
11875;0
11874;1
11872;0
11871;1
11866;1
11862;0
11859;1
12550;1
11852;0
10749;0
12848;1
13004;1
12541;1
11839;1
12843;1
11836;0
10724;1
11835;0
12537;1
6032;0
6059;0
6088;0
6120;0
6134;0
6159;0
6200;0
6239;0
6245;0
9116;0
6301;0
6327;0
6365;1
6381;0
6417;0
6446;0
9105;0
6474;0
6505;0
8172;0
6522;0
6537;0
6562;1
6574;0
6576;1
6577;0
6579;0
6627;0
8028;0
7973;1
6634;0
6642;0
7652;1
6667;0
6708;0
7789;1
6709;0
6764;0
6793;0
8134;0
6808;0
7812;0
6816;0
6850;0
8126;0
6896;0
6904;0
8119;0
6912;1
6943;1
8116;1
5882;0
6957;1
6966;0
6979;1
6989;0
8105;1
8099;0
7000;0
8094;1
7068;1
9012;0
7076;0
7891;0
7102;0
13;0
21;0
28;0
56;1
57;0
58;0
78;0
83;0
90;1
115;0
7104;0
141;0
165;0
197;1
238;0
252;1
300;0
302;0
307;0
9893;0
7183;0
328;0
333;1
345;1
360;0
369;1
381;0
383;0
438;0
442;0
459;0
469;1
488;1
536;1
567;0
569;0
581;0
7185;1
591;1
595;0
596;0
8082;0
598;1
606;1
609;1
610;0
612;0
627;1
628;0
9829;0
636;1
654;0
656;0
657;1
660;0
664;1
666;0
9811;0
13434;1
668;0
675;0
9806;0
680;1
703;1
714;1
717;0
727;0
729;1
8878;0
735;1
762;0
1852;1
4784;1
4785;1
3336;1
8350;1
2552;0
2556;0
4800;0
4857;0
2566;0
7242;0
4862;1
9270;0
4904;0
7555;1
943;1
7281;0
4062;0
4929;1
2577;0
783;1
8046;1
1094;0
3364;0
1312;1
9394;1
3405;0
7190;0
3784;0
2580;0
4947;1
3785;1
4063;1
8835;0
4078;0
4083;0
4084;0
7441;1
2590;0
1981;0
7560;0
2605;0
1132;0
2607;1
5006;1
1074;1
2002;1
2048;0
5016;0
7467;1
5017;1
4112;0
3799;1
4116;0
3480;1
3251;1
5056;1
4152;0
9599;0
2653;0
3802;0
2049;0
2057;0
8324;0
5077;0
8507;0
3493;0
3495;1
1747;0
3810;0
8425;0
3831;0
1847;0
2659;0
7243;0
2718;1
2730;0
9344;0
5098;1
8320;0
3531;0
1135;1
4207;0
5119;1
1339;0
2072;0
1831;1
1150;1
807;1
4256;0
2099;1
1426;0
8311;0
1341;1
4284;0
4311;0
1157;1
2738;0
9332;0
4330;0
9743;0
2754;0
9328;0
2765;1
1432;0
2818;0
5158;1
837;0
2820;0
4377;0
8524;0
1294;1
2158;0
5191;0
2840;0
2192;0
2237;0
2903;1
3324;1
8415;0
4451;1
4489;1
2913;0
1438;0
5192;0
8643;0
8404;1
2250;0
2268;0
1161;0
5193;0
2302;0
4493;0
2308;0
5220;0
2326;1
2331;1
4498;0
1453;0
3845;1
3847;1
1846;0
8057;0
1466;0
3355;0
9317;0
1487;0
1114;0
7264;0
1498;0
1549;0
5239;0
1553;1
8039;0
1374;1
1385;0
2334;0
1130;1
9315;0
7491;0
1079;0
850;0
3540;0
8626;0
2347;0
2927;0
4510;0
3578;1
3868;0
3635;1
5254;1
926;0
1572;0
2964;0
1588;0
5273;0
2968;0
1590;0
9216;1
958;0
7302;0
1873;0
5299;0
5302;0
1594;0
2357;1
1920;0
4514;0
929;1
8390;0
9492;0
910;0
8761;1
1001;0
9702;0
4532;1
4563;1
1201;1
3688;1
1255;1
8816;0
9491;0
5344;1
4567;1
9205;0
1603;0
7906;0
9490;0
2975;0
1203;1
1027;1
836;0
5362;1
1415;1
5368;1
7629;0
3881;0
862;0
5377;1
5403;1
5407;1
8562;0
5416;0
3356;0
8262;0
5419;0
5421;0
5424;1
1424;0
1924;0
3746;0
8801;0
1947;0
1621;0
2985;0
8251;0
1302;0
1630;0
8249;0
1657;1
7926;0
8760;0
2448;0
1658;0
5450;0
1664;1
1716;1
8243;0
3752;0
3016;0
5473;0
4574;1
3030;0
5507;0
3033;1
4579;0
764;0
809;0
9759;0
5550;1
8076;0
2493;0
3884;0
1735;0
3903;0
5596;0
1073;0
7542;0
3034;0
3967;1
3044;1
3048;1
5598;0
3072;1
5602;0
3978;0
4592;0
3776;1
4619;0
7643;0
8824;0
9157;0
5613;1
1310;0
5632;0
3167;0
7384;1
8689;0
1904;0
1207;0
1231;1
4704;0
1738;0
5683;0
1956;0
3171;1
4762;1
1236;0
8659;0
1245;1
2494;0
5691;1
3176;0
4769;0
8536;0
5693;1
3198;0
4031;1
5766;1
1052;0
5768;1
5806;0
3204;0
3221;1
9546;0
7278;0
3249;1
1745;0
15994;0
232;0
223;0
15984;0
203;0
181;0
178;1
172;1
156;0
136;1
129;0
124;0
113;0
107;0
102;1
101;0
75;1
62;0
53;0
38;0
23;0
19;1
15945;0
8981;0
8963;0
8926;0
8920;1
8869;1
8758;0
8745;1
15927;0
8695;1
8650;0
8620;1
8617;0
8609;0
8590;0
8564;1
8539;0
8481;0
8434;1
8398;0
8396;0
8380;0
8339;0
8336;1
8333;0
8299;0
8271;1
8247;1
8228;0
8156;0
8155;0
8152;0
8149;0
8131;0
8091;1
8077;0
8035;0
8027;0
8006;0
8004;0
7936;1
7917;0
7908;0
7907;1
7880;0
7852;0
7825;1
7818;0
7800;0
7778;0
7729;0
7715;0
7694;0
7644;0
7609;0
7594;0
7568;0
7549;1
7535;0
7500;0
7496;0
7439;0
7423;0
7422;0
7397;1
7386;0
7297;0
7134;0
7056;0
7052;0
7023;0
7019;0
6987;0
6985;1
6959;0
6944;0
6917;1
6815;0
6807;0
6689;1
6683;0
6625;0
9937;1
6618;1
6616;1
6573;0
6559;0
6551;0
6545;0
6526;1
6508;1
6506;0
6477;0
6459;0
6457;0
6450;0
6449;1
6435;0
6405;0
6351;0
6309;1
6295;0
6291;0
6250;1
6247;0
6242;1
6240;0
6174;0
6173;1
6151;0
6125;1
6122;0
6107;0
6056;1
5995;0
5993;0
5947;0
5912;0
5881;0
5856;0
5834;1
5833;0
5777;0
5732;0
5667;1
5648;0
5644;0
5622;1
5569;1
5562;1
5477;0
5476;0
5428;0
5426;0
5383;0
5350;0
5326;0
5300;0
5252;1
5227;0
5223;0
5219;0
5197;0
5195;0
5177;1
5121;0
5083;1
5079;1
5068;1
5026;0
4970;1
4965;0
4941;1
4934;1
4890;1
4882;1
4880;1
4877;0
4847;0
4845;1
4775;1
9758;0
4751;1
9755;0
4706;1
4653;0
4628;1
4626;1
4616;0
4613;1
4611;1
4595;0
4577;1
9738;0
4565;1
4550;1
4537;0
4517;1
9726;0
4516;1
4500;1
9721;0
4438;0
4430;1
4418;1
9716;0
4417;1
4399;1
4381;1
4309;1
4296;1
4291;1
4262;1
4254;1
4241;1
4235;1
4205;1
4161;1
4143;1
4064;0
3972;1
3962;1
3933;1
3905;1
3816;1
9680;0
3741;1
3675;0
3614;1
3605;1
3593;0
3588;1
3574;1
3570;1
3494;1
3483;1
3469;1
3425;1
3423;1
3395;0
3373;1
9644;0
3351;1
9636;1
3347;1
3339;1
3271;1
3268;0
3253;1
3248;0
3243;1
3217;1
3215;1
3211;1
3200;1
3184;1
9611;0
9610;0
3161;1
3146;1
3137;1
3133;1
3107;0
3094;1
3074;1
3017;0
2966;0
2957;1
2933;0
2912;0
2911;1
2891;1
2883;0
2860;1
2843;1
2822;0
2815;1
2774;1
2762;1
2756;1
2745;0
2716;1
2700;0
2669;0
2665;1
9552;0
2634;1
9550;0
9548;0
2622;1
2540;1
2526;1
2504;0
2503;0
2500;0
2499;0
9532;0
2495;0
2474;1
2469;1
2462;1
2434;1
2423;1
2418;0
2403;0
2393;0
2392;1
2373;0
2363;0
9509;1
9506;1
2354;0
2350;0
2341;0
2339;1
2333;1
2332;1
2330;1
2319;0
2316;0
2311;1
2293;1
2215;0
2212;0
2208;1
2202;0
2201;0
2199;0
2191;1
2160;1
2155;0
2139;1
9446;0
2124;1
2122;0
2121;1
2120;0
2096;0
2094;0
2079;0
2067;0
2021;1
2011;1
1966;0
1964;1
1962;0
1944;0
1939;0
9413;0
9407;1
1937;0
1917;0
1871;0
1870;0
9399;0
9397;0
1842;0
1832;0
1821;0
1792;0
9390;1
1788;0
1782;0
1780;0
1760;0
1746;1
1740;1
1733;0
1731;1
1705;1
1680;0
1653;1
1631;0
1628;0
1624;0
1598;0
1595;1
1591;0
9352;0
1584;0
1554;1
1529;0
1521;0
1519;0
1516;1
1469;0
1465;0
1439;1
1434;0
1429;0
1420;0
9324;1
1402;0
1396;1
1392;0
1381;0
1378;0
1336;1
1326;1
1320;0
1317;1
1306;1
1305;0
1299;1
1288;0
1287;1
1283;0
1274;1
1273;0
1264;0
1244;1
1235;0
1226;1
1224;0
1210;0
9275;1
1195;1
1181;0
9271;0
1177;0
1176;0
1174;0
9263;0
1170;1
1148;0
1115;0
1106;0
1102;0
1097;0
1084;0
1080;0
1071;0
1053;0
1042;1
1036;1
1033;1
1012;1
1002;1
995;1
9230;0
983;0
979;1
977;0
974;0
973;1
948;0
939;0
927;0
916;0
912;1
904;0
901;0
897;1
896;0
895;0
874;1
873;1
853;0
852;0
838;0
834;0
802;0
795;0
789;0
788;1
787;0
771;0
766;0
760;0
759;0
758;0
755;0
751;0
745;0
726;0
725;0
721;0
712;0
711;0
694;0
685;1
679;0
9128;0
670;0
640;0
638;0
603;0
574;1
562;1
561;1
544;0
540;1
537;1
534;0
9106;0
529;0
499;0
485;0
475;0
461;1
458;1
456;1
454;1
453;1
425;1
424;1
423;1
414;1
408;0
405;0
400;1
399;1
395;0
373;0
371;1
362;0
350;0
349;1
316;0
293;1
237;0
233;0
2305;1
5514;0
42;0
54;0
4028;0
1321;0
134;0
5506;0
1773;0
168;0
214;0
4226;0
3894;1
7170;0
1579;0
1254;0
732;1
571;0
4473;1
2207;0
2175;0
1914;1
7198;1
3928;1
7674;1
7041;0
1242;1
768;0
4525;1
860;0
3230;0
3203;1
5673;0
4398;1
4212;0
4701;1
8332;0
1138;0
4623;1
1298;1
4777;1
1627;0
1470;0
655;0
5534;1
2982;1
9911;0
5888;0
4771;0
6248;0
9441;1
3447;0
6294;0
9678;1
2318;1
15991;1
1390;1
15983;0
6529;1
5039;0
6504;1
9834;1
2140;0
1208;1
6487;0
6481;1
8175;0
6451;0
6443;1
7527;0
6434;0
6421;0
8180;0
576;0
2218;1
8927;0
2220;1
2266;0
588;1
9476;0
2288;0
2349;0
942;0
2358;0
1060;0
6265;1
611;1
4403;1
4404;0
7453;1
1814;0
1813;0
6261;0
6251;0
8189;1
5532;0
2407;0
2464;1
2468;1
2531;0
10;1
2574;1
3911;1
6129;1
6114;0
2613;1
6751;0
6093;1
8597;1
1540;0
2672;0
1766;0
3924;1
5387;1
4974;1
6047;0
6786;1
1066;1
2690;1
2693;0
8063;0
2711;1
1736;1
6035;0
2723;0
5999;0
2761;1
4953;1
4426;0
2776;0
1215;0
3944;0
8242;0
2780;0
2833;1
953;0
5893;1
8130;0
1694;0
3955;1
5461;1
2951;0
3334;1
2990;0
3958;1
3343;0
9787;0
1069;0
10177;0
5441;0
3002;1
3354;0
3022;1
4458;1
4926;1
3035;0
9773;0
7628;0
3101;1
1351;0
7830;0
3385;1
1483;0
3128;0
5412;0
3131;1
4906;0
3139;1
2;1
3148;0
3421;0
3179;1
7677;0
11;0
8009;0
7267;1
5594;0
3242;1
514;0
1656;1
498;0
492;0
962;0
465;0
9748;0
446;1
7175;1
3473;1
846;0
417;0
7739;0
411;0
406;0
9744;1
5348;1
389;0
5346;1
4508;0
365;0
9353;0
1461;0
9067;1
4866;1
3519;1
348;0
327;0
9992;1
972;0
314;0
856;0
631;0
5311;0
9725;0
313;0
310;1
1458;0
304;0
7805;0
301;1
283;0
260;0
212;1
177;0
5281;1
175;1
857;1
9965;0
166;0
1145;0
164;0
645;0
151;0
858;1
120;1
104;0
716;0
77;0
8909;0
69;0
3661;1
59;0
1193;0
7101;0
50;0
44;0
12;0
8124;0
9336;0
9932;0
4141;1
1566;0
678;1
1427;0
690;0
4162;1
3734;1
9924;0
4766;1
3750;0
1419;0
1259;1
1013;0
1413;1
871;0
3778;0
9531;0
5145;0
9274;1
5142;1
713;0
1400;0
5136;0
6560;1
4723;1
1346;0
8775;0
1016;0
4257;0
899;0
1398;0
3832;1
1023;0
9864;0
9862;0
8839;0
9858;0
911;0
1120;0
7390;0
1028;0
1239;0
3850;0
1276;0
4327;0
4354;1
5046;1
1849;0
7456;1
7463;0
6669;0
6668;0
6666;0
1911;1
1916;0
7464;0
8663;0
1989;0
2035;1
7999;0
15982;1
3889;1
538;1
5031;1
1545;0
5030;1
5028;0
554;0
7785;0
8368;0
9373;1
1054;0
801;0
9621;0
1055;0
8867;0
8525;0
8674;0
7949;0
1785;0
3908;1
1777;0
4405;1
8369;0
1776;0
4618;0
815;0
6743;1
3297;1
6746;1
9473;1
4416;1
8240;0
4980;1
1064;1
4971;1
8677;1
1209;1
7782;0
1727;0
4423;0
7002;1
7989;1
3322;1
9794;0
1700;1
613;0
5454;1
6828;1
6831;0
7265;0
4917;1
1247;0
835;0
3389;1
3406;0
7042;0
3413;1
4477;1
4005;1
1674;0
1761;0
4488;1
3433;1
5380;0
3444;1
965;0
4570;0
9063;1
1464;0
4879;1
8388;0
5347;0
966;1
3527;1
3528;1
9141;0
3544;1
3545;1
3547;1
3550;1
3552;1
3556;1
3564;1
9971;0
982;0
4079;1
9962;1
1456;0
6865;0
3627;1
652;0
1629;0
3664;1
1086;0
9706;1
8748;0
1625;0
7433;0
6554;1
3813;1
2681;1
2684;0
6550;0
2092;0
2097;1
4233;1
7503;0
2712;1
6030;0
6028;1
2719;1
2721;0
2123;0
2728;0
6005;0
7904;1
2744;0
3814;1
7600;0
2767;0
2135;0
9389;0
2788;1
8423;1
2847;0
2893;0
4316;1
3737;1
7612;0
2947;1
2174;1
2961;1
2965;0
9925;0
8561;0
2988;1
5828;0
3758;1
2999;0
9406;1
5816;0
2181;0
3028;1
9323;0
5794;1
8547;0
3054;0
5775;0
1241;1
5759;0
8780;1
4353;1
3117;1
2206;1
5716;0
6426;1
3135;0
5699;0
8814;0
8218;1
5123;1
5200;0
3876;1
3192;1
7994;1
3701;0
7536;0
1118;0
8233;0
3228;1
3885;1
1000;0
3240;1
2245;1
2246;0
512;0
9701;0
9178;0
493;0
8182;0
486;1
9329;0
7189;1
6941;1
432;1
1550;0
8627;1
8470;0
409;0
7426;1
3745;0
394;1
6292;0
385;1
384;1
7558;1
356;0
8883;1
335;0
6283;1
2370;1
691;0
7791;0
8485;0
4178;0
298;1
9910;0
267;0
737;1
235;1
4791;1
2414;0
199;0
196;0
6229;0
9272;1
9183;1
9513;1
2488;0
163;1
2517;0
1435;0
6606;0
1954;0
1970;0
5111;1
7861;0
55;0
4140;1
6118;1
2010;1
2603;1
4136;1
3801;1
8222;0
15999;1
5007;1
5005;1
5004;0
5002;1
4995;1
4994;1
4991;1
4990;1
3916;1
3922;0
4973;1
4972;1
3926;1
4966;0
4961;1
3936;1
3939;1
4939;1
4938;1
3964;1
614;0
3976;1
4927;0
3977;0
3980;1
3982;1
4912;1
615;1
3988;0
4000;1
4011;0
4896;1
4012;0
4023;1
4892;0
4026;1
616;0
7779;1
8447;1
4881;1
4035;0
4878;1
7775;0
4526;1
4036;0
4039;1
4046;1
4048;1
8446;1
8342;0
4861;1
4054;1
4058;0
4850;1
4065;1
4070;1
4071;1
4073;1
4075;1
8439;0
4830;1
4080;0
4822;1
4820;1
8438;1
4096;1
4811;1
4101;1
4122;1
4129;1
4130;1
4801;1
8346;0
4799;1
4793;1
4789;1
8352;1
4142;1
4146;1
7718;0
4176;1
4177;1
4765;1
8362;0
4179;1
4180;1
4755;1
4181;1
4185;0
4200;1
4203;1
10828;0
4216;1
4218;0
4224;1
4238;1
4243;0
4720;1
4244;1
4716;1
4249;1
4713;1
4252;0
8420;1
8367;1
4260;1
4282;1
8419;0
4289;0
4290;0
4294;1
4299;0
4300;1
4681;1
4680;1
4301;0
4302;0
4305;1
4673;1
8418;0
4318;1
4319;1
4358;0
4365;1
4652;1
4650;0
8416;0
4648;1
4647;1
4379;0
4642;1
4641;1
4380;1
4393;1
4395;1
4411;1
4414;0
4614;0
4422;1
7753;0
4610;0
4431;1
4437;1
4442;1
4449;1
4450;1
4463;1
4586;1
4472;1
3995;1
4474;1
4487;1
4575;0
8407;0
4490;1
4491;1
4495;1
4497;1
4507;1
8393;1
8391;0
9990;1
9988;0
618;0
626;0
629;1
7218;1
641;1
642;1
643;0
644;0
647;0
650;0
659;0
665;0
9946;0
672;0
9939;0
677;1
686;0
9926;0
9922;0
9920;1
9918;0
9917;0
9906;0
708;1
709;0
710;1
9894;0
736;1
738;0
740;0
744;1
746;0
8072;1
9878;1
752;1
753;0
7254;1
774;0
775;1
776;0
777;0
780;1
7260;1
7261;0
794;0
9838;1
798;0
9832;1
9830;0
800;0
9821;0
804;0
805;1
806;0
810;1
9807;1
820;0
827;0
9798;0
9797;0
9796;1
828;0
829;0
831;0
9772;1
9771;0
840;0
842;0
843;0
844;0
849;0
9740;0
9739;1
9737;1
851;0
7269;1
9722;0
9719;1
9718;1
9712;0
9711;1
861;0
9704;1
9703;1
8856;1
866;0
9694;0
868;0
870;1
9690;0
872;1
875;0
876;0
9676;1
880;0
886;0
892;0
7284;0
898;0
9666;1
9661;1
905;0
9652;0
9645;1
9640;1
913;0
914;0
7295;1
923;0
8850;1
933;0
934;0
937;0
940;0
9614;0
8847;0
944;0
946;0
947;0
949;1
950;1
9598;1
8843;1
9593;1
960;0
9583;1
967;0
969;0
9576;0
975;0
987;0
991;1
996;0
997;0
9555;1
998;0
9544;0
9541;1
1003;0
1005;0
1006;1
9527;0
9525;1
9524;1
9523;0
1014;0
1015;1
1018;0
1020;0
9504;0
1030;0
1034;1
9489;0
1037;0
1044;0
1046;0
1059;1
9456;0
1068;1
1072;0
9442;1
8833;0
1076;0
1077;0
7327;0
9430;0
1083;0
9426;1
1085;0
1090;0
1091;0
1093;1
9405;1
9402;1
9401;1
1099;0
9393;0
7332;0
1110;0
1113;1
1121;1
1123;0
1124;1
9376;0
1128;0
9365;0
1131;1
1133;0
1134;0
8789;0
1137;1
9350;1
1142;0
1143;0
1153;0
9337;1
1154;0
1155;1
1162;0
9322;1
1163;0
1165;0
1166;1
1168;0
9313;1
1172;0
9305;0
1173;0
1180;0
9300;0
9297;1
9296;0
9291;1
1182;0
1183;0
9285;1
1186;0
9280;0
9277;0
9276;1
1194;0
1196;0
9262;0
1205;0
1206;0
8778;0
9251;0
1216;0
9244;0
1218;0
1220;0
1221;1
1222;0
7350;1
1227;0
1230;0
8776;1
1240;0
9207;0
9196;1
1249;0
1251;1
1252;0
1258;1
1260;0
9179;1
1261;1
1262;1
1266;0
1269;0
9168;0
1270;0
9162;0
1278;0
1286;0
1289;0
1291;0
1293;0
1297;0
9145;1
1300;0
8763;1
1304;0
1307;1
1308;0
8759;1
1311;0
8756;1
1313;0
1316;1
9118;1
1323;1
7382;0
9110;1
9107;0
1329;1
1333;1
1338;0
9093;0
1340;0
1347;0
1348;0
1349;0
1353;1
7288;0
1357;0
1363;0
1365;0
1366;0
1373;1
8747;0
1376;1
9056;1
1382;0
8746;0
1386;1
1393;0
1397;0
9035;1
1401;0
1404;0
9022;1
1409;0
1412;1
1416;0
1417;1
1421;1
9006;1
1433;1
7093;1
1440;1
1441;0
7082;1
7078;0
1443;0
1445;0
1446;0
1450;0
8093;0
7067;1
7062;0
1457;1
7055;1
1459;0
1462;0
7043;1
1474;0
1476;0
1477;0
8731;0
7028;1
7024;1
8005;0
7022;0
1490;0
1492;1
1493;1
7016;0
1494;1
7010;0
1495;0
7003;0
1497;0
1499;0
6999;1
6997;0
6995;0
1504;0
1506;0
1509;0
1511;0
1513;1
1514;1
6983;1
8107;0
6978;1
1526;1
1527;0
1532;1
1535;0
6967;0
1538;0
6965;0
1543;1
8114;0
6956;0
1544;0
7927;1
8117;0
1546;1
1547;0
6934;1
7954;0
1557;1
1562;0
1567;1
1568;0
6918;0
1570;0
1571;0
6915;1
8118;1
1574;0
6910;1
1576;0
1586;0
1587;1
1592;0
1596;0
1600;1
1608;0
1609;0
1613;1
1615;1
8711;1
1626;0
1633;0
1634;0
1642;0
1654;1
1655;0
8127;1
1660;0
1662;1
1663;1
1665;0
1670;0
1673;0
6830;0
6827;0
1676;1
1677;0
1682;1
6821;0
1686;0
1693;0
7925;1
1696;1
1702;1
1703;0
7436;0
1722;1
1725;0
7957;1
6796;0
1757;0
6785;0
6784;1
6783;0
7447;1
6769;1
8143;0
6757;0
6748;1
1778;0
6722;1
6720;0
1790;1
1820;0
1822;1
1825;0
1827;0
1836;1
6703;0
1843;0
527;0
1851;1
8671;0
1861;0
1867;0
1868;1
1869;1
6682;0
531;0
6680;0
532;0
6670;0
8937;0
541;1
1881;0
542;0
6665;0
6662;0
1891;1
6660;1
1893;0
1895;0
1899;0
1900;0
6644;0
1903;0
8669;0
1905;1
1909;1
547;0
1354;1
8157;0
7920;0
15968;1
548;0
8667;1
1925;0
1926;1
8000;0
1934;0
1936;0
551;1
6607;0
555;1
1950;0
558;1
1955;1
7476;1
1965;1
1967;1
1968;1
572;0
6590;1
6588;1
8658;0
6580;1
8158;0
8159;0
1987;0
1988;0
573;0
2001;0
8656;0
6569;0
580;0
6566;0
7486;0
2030;0
582;0
583;0
7909;1
6558;0
2056;1
2060;0
593;0
8054;0
2073;1
5560;0
5558;1
2078;0
6548;0
2087;0
6544;1
2088;1
5554;1
8167;0
7497;0
3252;1
3254;1
8648;0
8171;0
2101;1
2107;0
6517;0
2111;1
2117;0
2119;0
3278;1
5545;0
2126;0
5544;0
2131;1
3280;1
6503;0
2132;0
5539;1
3281;1
2141;0
2153;0
7508;0
6489;1
3283;1
2172;0
3284;1
6478;0
5530;0
6476;1
3292;1
6472;0
5522;0
6468;0
2176;0
6462;0
6461;1
7895;1
3294;1
7893;1
6455;1
6454;0
3299;1
2182;0
2183;0
2190;1
8179;1
3301;1
2193;1
2197;1
2200;0
7524;1
5505;1
3302;1
6431;0
2204;0
5503;0
3307;0
3308;1
7532;1
2209;0
15480;0
2214;0
5498;0
6413;0
6412;0
5494;1
6409;0
2217;0
3309;0
2219;1
5489;1
6402;0
2239;0
6394;0
5488;0
6387;0
594;0
2251;1
2253;0
2254;0
2265;1
5485;1
2273;0
6373;0
6370;0
2274;0
5484;1
3317;0
2290;1
1156;0
2298;0
3319;0
2314;0
6348;0
2315;1
5474;0
2321;0
2324;0
7544;0
6336;0
7545;1
5469;1
2338;0
7550;0
7553;1
2342;1
6314;1
2344;0
6311;1
6310;1
7882;0
6303;1
8625;0
8185;1
5465;0
5464;0
5459;0
2353;0
3342;0
8623;0
3344;1
2359;0
5443;1
2361;0
5442;1
2374;0
2384;0
2390;0
8245;0
6264;0
7563;1
3360;1
6259;0
6255;0
7566;1
2401;0
5437;0
7877;0
3361;1
2402;0
6246;0
5434;0
7567;1
6241;1
2405;1
3367;1
6236;0
6234;1
7814;0
7571;1
6231;1
3374;1
6228;1
6227;1
7572;0
2436;0
6219;0
2437;0
2443;0
8622;0
2450;0
2463;0
6203;0
3375;0
6198;0
3387;1
7575;0
6189;1
2484;0
8510;1
2490;0
7578;1
7579;1
6175;0
2502;0
7865;1
2511;0
6167;1
3407;0
7584;1
2528;0
6161;0
3408;1
2541;0
2545;1
2546;0
6149;1
2551;0
2554;1
2557;0
3411;1
2561;1
6135;0
5397;1
8608;1
2578;0
2579;1
3428;1
2583;0
6126;1
3430;1
6124;0
6123;0
2592;0
2601;1
3431;1
6116;1
3432;0
6113;0
6112;1
6110;0
3446;1
2608;0
3461;1
2614;1
2623;0
6099;0
6098;1
3462;1
6092;0
6089;1
2628;0
2630;0
2632;1
7587;1
2640;0
2649;0
2651;1
6073;1
8272;0
2655;0
2671;0
6064;1
5366;1
6060;0
2680;1
3466;1
2682;1
6055;0
6051;1
6050;1
6049;1
3475;1
3481;1
6046;1
5355;0
3486;1
6043;1
2701;0
6039;1
3488;1
6036;0
7688;0
7808;0
2713;0
8592;0
3497;1
6029;0
3498;1
6022;1
3503;1
3510;1
2722;0
3511;1
5335;0
8591;0
5333;0
6003;1
6002;0
2734;0
3516;1
2735;1
8587;1
3529;1
7850;0
2746;1
2748;0
8586;0
7807;0
5324;0
5981;0
2764;0
3530;1
2768;1
7601;1
3535;1
2777;0
5314;0
5962;1
2782;0
5956;0
2785;1
5950;1
3542;0
7849;1
2807;0
2809;0
5941;1
2812;1
5939;1
2813;0
2819;1
5309;0
5935;0
2837;0
2839;1
2841;1
7607;1
5303;0
5924;1
5923;0
2849;1
5919;0
2866;0
5916;0
5915;0
2882;0
7972;0
7847;1
2892;1
5282;1
2895;0
2896;0
2897;0
2899;0
2909;0
5278;1
5890;0
3569;1
5886;0
7691;0
2924;1
5878;0
5877;0
5875;1
2930;0
2934;0
2940;0
3598;0
3599;1
2960;1
3600;1
3601;1
2970;0
2973;1
5854;0
8563;0
2981;0
7700;0
8297;0
5837;0
5835;1
597;1
7838;0
2989;1
8919;0
3631;1
2993;1
3637;1
3000;1
3645;1
3007;1
5238;0
5815;0
3014;1
8557;1
3020;0
5237;1
3024;1
5805;1
3026;1
5231;0
5230;0
5798;1
5797;0
3667;1
5792;0
3674;1
5790;0
3046;1
3047;1
3676;0
3055;1
3062;0
3065;1
3078;1
3079;0
3682;1
5772;1
5770;0
3084;1
8217;0
3085;0
5761;1
3683;0
3684;0
5754;1
3098;1
8917;1
5748;0
3103;1
3106;1
3108;1
3116;0
5734;1
5733;1
3686;1
5731;1
5729;1
5728;0
5724;0
5212;1
3124;1
8491;1
5718;1
5210;0
5715;1
5206;1
7630;0
5205;1
3702;0
3136;1
5697;1
5196;1
3735;0
3736;1
3150;1
5685;0
3152;1
3153;1
3154;1
3160;1
5674;1
3740;1
5670;1
5669;0
5668;1
3163;1
6138;1
5665;1
5663;1
5662;0
5661;0
3164;1
3170;1
3172;1
8537;1
5650;1
7828;0
5646;1
3742;1
5643;1
3182;1
8488;0
5639;1
5637;1
3193;0
8221;1
5631;0
5629;0
3194;1
5623;1
5184;0
3199;1
5179;1
3208;0
5178;1
3756;0
3213;1
5604;0
8232;0
7646;1
3222;1
3757;1
3226;0
8237;1
5172;0
3765;1
5590;0
5586;0
5585;1
5582;0
5162;1
5579;0
3233;1
3239;1
3772;1
3777;0
8526;0
3250;1
5566;1
5564;1
7821;0
526;1
523;0
522;0
519;0
515;0
5157;0
3779;1
511;1
508;0
504;0
500;0
3789;1
3791;1
496;0
3792;1
5138;1
490;0
5137;1
484;0
483;0
479;1
477;0
474;0
473;1
472;0
471;0
467;0
5133;1
7191;0
8943;0
8081;1
457;0
5132;1
3804;1
8944;0
439;1
433;0
3805;1
7177;1
5125;1
7173;0
420;0
418;1
3806;1
7171;0
413;1
3807;1
410;0
5117;1
5114;0
5112;1
396;0
3811;0
390;0
5102;0
387;0
7707;1
3823;1
380;0
378;1
376;1
368;0
367;0
366;0
3827;1
363;0
361;0
5092;1
355;0
352;0
5091;1
340;0
338;0
5089;1
330;1
5088;1
325;0
320;0
319;0
317;0
315;0
3830;1
5085;1
5084;1
309;0
308;1
305;0
12452;1
303;0
5080;1
299;0
8020;0
297;1
295;0
294;0
291;0
289;0
286;0
3836;1
273;0
270;0
5076;1
264;0
3838;1
258;0
254;0
253;0
247;1
244;0
243;0
8466;0
234;1
231;1
230;1
228;0
220;0
215;0
5072;0
5071;0
206;1
201;0
5070;1
7788;0
195;0
192;0
186;0
184;0
180;0
3849;1
3854;0
171;0
8325;0
3863;1
8978;0
3870;1
5052;1
158;1
3888;0
147;0
144;0
140;0
139;0
5041;1
133;0
132;0
7124;1
126;0
125;0
122;0
121;0
3892;0
119;0
116;1
114;0
111;1
110;0
108;0
7108;0
106;1
105;1
5035;1
7106;0
98;1
97;0
94;0
93;0
91;1
88;0
82;1
3899;0
7103;0
3901;1
68;0
60;0
8459;1
8990;0
3906;1
5019;1
5018;0
51;0
8328;0
47;0
8331;0
5014;1
41;1
34;1
33;0
30;0
8999;0
17;1
16;0
5013;0
5010;1
5666;0
11330;1
13095;1
10614;0
11142;1
13116;1
13549;0
11054;1
11512;0
13658;0
14747;0
10808;0
11402;0
13662;1
13712;0
13741;0
10305;1
10943;1
11777;0
11540;0
14806;0
11253;0
11861;1
10848;0
13266;1
11563;1
13284;1
10400;0
11029;0
13304;1
13505;1
9997;1
12077;1
11577;1
10472;1
10055;1
15619;0
15687;1
15741;0
15814;0
15584;0
15287;1
15460;0
15545;0
15289;1
15632;0
15771;1
15823;1
15888;1
15427;0
15448;1
15568;0
15485;0
15816;1
15824;0
15175;0
15183;0
15290;0
12878;1
12858;0
12845;1
12832;1
12828;1
12824;1
12813;1
12789;1
12780;1
12763;1
12761;1
12759;1
12758;1
12753;1
12737;1
12729;1
12699;1
12656;0
12646;1
12642;1
12640;1
12634;1
12615;0
12609;1
12597;1
12596;0
12573;1
12570;1
12569;1
12519;0
12511;1
12506;0
12490;1
12484;1
12482;1
12478;1
12477;1
12473;1
12460;1
12458;0
12457;1
12428;1
12413;0
12412;0
12409;1
12408;0
12407;0
12406;1
12386;1
12383;1
12363;0
12353;1
12316;0
12314;0
12310;0
12307;1
12286;0
12263;1
12233;0
12215;0
12152;0
12142;0
12140;0
12129;0
12127;1
12083;0
12082;1
12081;0
12073;1
12071;0
12049;0
12042;0
12036;1
12023;0
12022;0
12020;0
12019;0
12018;0
12014;0
12013;0
12012;0
12011;0
12009;0
11987;0
11977;0
11936;1
11928;1
11924;0
11907;1
11900;0
11898;1
11895;1
11893;0
11891;0
11887;1
11886;1
11846;0
11843;0
11840;0
11829;1
11808;0
11805;1
11804;1
11801;0
11788;1
11783;0
11779;0
11776;0
11764;1
11763;1
11756;0
11696;0
11690;1
11687;0
11668;0
11654;0
11646;0
11625;0
11616;0
11613;0
11602;1
11598;1
11597;1
11580;0
11578;1
11560;1
11523;1
11521;0
11520;1
11514;0
11506;0
11501;1
11486;0
11485;0
11465;0
11430;1
11423;1
11407;1
11406;1
11397;0
11395;1
11394;1
11385;0
11348;0
11346;1
11345;1
11323;0
11318;0
11310;0
11296;1
11292;1
11291;1
11289;1
11287;1
11280;0
11272;1
11271;1
11252;0
11233;1
11199;0
11173;1
11168;0
11167;1
11165;1
11156;0
11143;0
11121;0
11120;0
11119;1
11118;0
11103;1
11101;1
11099;0
11094;1
11077;0
11070;1
11068;0
11057;0
11050;0
11048;1
11045;1
11043;1
11041;1
11027;0
11025;0
11022;0
11009;1
10999;0
10987;0
10985;0
10974;1
10972;1
10956;0
10937;0
10927;0
10925;0
10911;0
10869;1
10868;0
10858;1
10852;0
10841;0
10839;0
10834;0
10813;0
10812;1
10799;1
10796;1
10793;1
10792;1
10790;1
10788;1
10779;0
10773;0
10754;0
10737;0
10733;0
10725;0
10723;0
10710;0
10701;0
10700;1
10663;1
10662;0
10653;1
10636;0
10599;0
10581;0
10570;1
10565;0
10536;0
10534;0
10498;0
10486;1
10483;0
10468;1
10433;0
10430;1
10420;1
10417;0
10416;1
10412;0
10409;1
10407;1
10393;0
10392;0
10391;0
10390;0
10373;1
10367;1
10362;0
10360;0
10354;0
10351;1
10346;0
10343;1
10327;0
10317;1
10303;0
10296;0
10292;1
10291;0
10289;0
10272;0
10256;1
10249;0
10242;0
10239;0
10238;0
10226;0
10222;0
10218;1
10206;0
10204;0
10198;1
10195;0
10182;0
10179;0
10170;0
10157;1
10140;0
10139;0
10125;0
10124;1
10093;1
10091;0
10090;1
10088;0
10073;0
10066;0
10059;1
10058;0
10051;1
10050;1
10046;0
10022;0
10021;0
10015;1
10010;0
10007;0
9998;1
4873;1
10129;1
15919;0
15906;0
15903;0
15899;0
15882;0
15879;0
15878;0
15877;0
15875;0
15849;1
15834;0
15833;0
15801;0
15793;0
15770;0
15755;1
15753;1
15716;0
15688;1
15684;1
15661;0
15649;0
15625;0
15596;0
15591;1
15589;1
15575;0
15574;0
15548;1
15537;0
15488;0
15473;0
15454;1
451;0
15450;1
15449;0
15435;0
15402;0
15375;0
15369;0
15365;0
15363;1
15348;1
15319;0
15304;0
15303;0
15299;0
15279;0
15276;1
15250;1
15245;0
15242;1
15239;1
15238;0
15215;0
15200;1
15195;0
15184;0
15182;1
15164;1
15148;0
15138;1
15130;0
15089;1
15085;0
15069;0
15056;1
15040;1
15032;1
15013;0
14989;1
14983;1
14973;0
14951;1
14942;1
14940;0
14908;1
14868;1
14864;0
14853;1
14840;0
14819;0
14816;0
14803;1
14798;0
14794;0
14774;1
14772;1
14682;1
14680;1
14615;0
14606;1
14598;0
14597;0
14576;0
14573;0
14535;0
14498;0
14487;0
14449;1
14420;0
14411;0
14394;1
14387;0
14384;0
14383;1
14380;1
14377;1
14374;1
14350;1
14342;0
14336;0
14335;0
14328;0
14323;0
14306;1
14292;0
14284;1
14265;0
14245;1
14235;0
14229;0
14225;1
14209;0
14201;1
14147;1
14133;0
14127;0
14085;1
14076;0
14064;0
14001;0
14000;0
13968;0
13963;1
13955;1
13914;1
13903;1
13888;0
149;0
13883;1
13877;0
13853;0
13815;1
13813;0
13799;0
13791;0
13767;0
13753;0
13731;0
13697;0
13688;1
13657;1
13649;0
13640;0
13633;0
13608;1
13592;1
13571;1
13496;0
13443;0
13436;1
13408;1
13353;1
13341;1
13281;1
13251;1
13247;1
13236;1
13224;1
13221;0
13205;1
13204;1
13187;1
13183;1
13173;1
13159;1
13156;1
13142;1
13121;1
13120;1
13119;1
13118;1
13078;1
13055;1
13053;1
13048;1
13029;1
13006;1
12970;1
12952;0
12948;1
12946;1
12941;0
12918;1
12881;1
8357;0
8580;0
8517;0
8478;1
8305;0
8480;1
8266;1
8642;1
8581;0
8509;1
8518;1
8484;0
8293;1
8219;1
8427;1
8310;1
8275;0
8566;0
8577;0
8292;1
8289;1
8354;0
8460;0
8646;0
8340;1
8258;1
8546;0
8640;1
8495;1
8574;1
8486;0
8492;0
8253;1
8497;1
8519;1
8432;1
8174;0
8309;0
8307;0
8306;0
8269;1
8621;0
8527;0
8435;0
8465;1
8638;1
8644;0
8615;0
8606;0
8322;0
8639;1
8548;0
8516;0
8550;1
8616;0
8267;1
8321;0
8288;0
8440;0
8442;0
8334;1
8344;1
8528;0
8541;1
8502;1
8474;1
8645;1
8565;1
8220;0
8649;1
8651;1
8654;0
8166;0
8164;0
8660;0
8154;0
8153;0
8151;1
8670;0
8147;0
8135;1
8678;0
8679;1
8698;0
8706;1
8708;0
8710;0
8715;1
8122;0
8719;1
8722;1
8109;0
8732;0
8733;0
8734;1
9005;1
9010;0
8740;1
8742;1
9013;0
9014;1
9016;1
9018;1
8743;1
9019;0
9020;1
9021;0
9023;0
9024;0
9028;1
9029;1
9043;0
9045;0
9046;1
9051;0
9052;1
9053;1
9062;1
9064;0
9069;1
9070;1
9073;0
9074;0
9080;1
9081;0
9082;1
9086;0
9087;0
9088;1
9089;1
9091;1
9092;0
9094;0
9098;0
9100;0
9112;0
9114;1
9115;1
9121;1
9124;1
9126;0
9127;0
9129;0
9135;1
9138;1
8765;0
9159;0
9165;1
9167;1
9169;0
9170;0
9173;1
9175;0
9180;0
9182;1
8770;1
9187;1
9197;0
8773;1
9215;0
9218;0
9219;1
9232;0
9237;0
9243;1
9246;0
9255;0
8782;1
9269;0
9283;0
9287;1
9290;0
9306;0
9318;0
8783;1
8784;1
9327;0
8785;1
9346;0
9349;0
9351;1
9361;1
9362;0
8805;1
9374;0
9377;1
9379;1
9380;1
9381;1
8807;1
9384;0
9391;0
9392;1
9417;0
9420;0
9421;0
9422;0
9423;0
9424;0
9427;0
9437;0
8821;1
8823;1
9448;1
9449;1
9450;1
9465;0
9472;0
9479;0
9481;1
8837;1
9483;0
9485;1
9488;1
9497;1
9501;1
9502;0
9505;0
9520;1
9521;0
9522;0
9539;0
8840;0
9543;0
9551;0
9556;0
9563;1
9578;0
9586;0
9589;0
9607;0
9609;1
9619;0
9622;1
9628;0
9630;1
9635;1
8851;0
9664;0
9672;0
9682;1
9685;0
9688;0
9689;0
9691;1
9695;0
9696;1
9705;1
9713;0
9714;0
9720;0
9741;0
9745;0
9747;0
9753;0
8861;0
9770;0
9779;1
9785;1
9795;0
9804;0
9805;1
8871;1
9813;0
9814;0
9824;0
9837;1
9840;1
9843;1
9845;1
8872;0
9846;0
9860;1
9861;1
9865;1
8875;1
8876;1
9871;0
9876;1
9879;0
9880;0
9886;0
9896;0
8887;1
9897;0
9899;0
8888;1
9927;0
9928;1
9936;0
8890;0
9941;1
8892;0
8899;0
9949;1
8901;1
8903;1
9950;1
8905;0
8907;1
9951;1
9953;0
9956;0
9959;1
9960;0
9964;0
9967;0
9974;0
8911;1
9976;1
8912;1
9981;1
9985;0
8914;0
8918;1
8921;0
8922;0
15935;1
15938;0
15939;1
15942;1
15950;0
15952;1
15953;1
15955;1
15961;0
15966;1
15967;1
15973;0
15975;0
15976;0
15978;0
15980;1
15987;0
8940;0
8942;0
8402;1
8945;0
8414;1
8946;0
8948;0
8954;0
8958;0
8959;1
8962;0
8966;1
8974;0
8975;0
8417;1
8976;1
8982;0
8997;0
9001;1
9002;0
3521;0
3520;1
5331;0
3518;1
5332;0
5337;1
5342;1
3509;0
3507;1
5343;0
3501;0
5349;0
3496;1
5351;0
8505;1
3491;0
3490;1
5353;0
5354;0
7685;0
5356;1
3479;0
5361;0
3471;1
7683;0
3468;1
3467;1
5364;1
5373;1
5374;0
3459;1
3452;0
5376;0
5379;1
3439;1
3437;0
5381;0
7809;1
5388;0
5392;1
3429;1
5394;1
7682;0
5395;0
3418;1
3417;1
3415;1
5404;0
5405;0
3410;1
5406;0
5410;0
8264;0
3400;0
3396;1
5418;0
3393;0
8261;0
5422;0
3383;1
3381;1
8018;0
7673;1
3371;0
3369;1
5433;0
8511;0
5435;0
5438;1
3358;1
8514;0
5440;1
7670;0
3349;0
7668;1
5447;1
8244;0
5452;0
3341;1
7666;0
3338;0
5457;0
3331;0
3330;1
3329;0
3328;0
3327;1
3326;0
5472;0
3321;1
7815;0
3318;1
5482;0
3316;0
3313;1
3312;1
3311;1
3310;0
5490;0
5501;0
5502;0
3305;1
3304;1
5504;0
5510;0
3300;0
5511;0
5515;1
3296;1
5521;1
5523;0
3285;1
5531;0
5533;0
5535;0
5541;0
8238;0
3276;1
3275;1
3273;1
7661;0
7657;0
3265;0
3260;1
5552;0
8021;1
5553;0
5557;1
7824;0
5570;0
7650;0
7648;0
5575;0
5576;0
5577;0
5578;0
3232;1
5581;0
5595;0
5597;0
3223;0
5599;1
5601;0
7645;0
3214;1
5607;1
5610;0
5615;0
3207;0
3205;1
5616;0
8032;0
5621;0
8534;1
3196;1
5624;0
5636;1
5640;0
3190;1
3185;0
7639;0
5642;0
3181;1
7826;0
5651;1
5654;0
8538;0
5657;1
8540;0
5658;0
7829;1
7638;1
5675;0
3159;1
3158;1
5676;0
5681;0
3151;0
5688;1
3149;0
3147;1
7633;1
5696;0
7631;1
5698;1
5704;0
3134;0
5711;0
5713;0
5719;0
5721;0
3121;1
3120;0
3118;1
5723;0
5737;0
3111;1
3110;0
5738;0
8036;0
5740;0
3104;1
5745;0
3102;1
5750;0
5752;0
3095;1
5760;1
3092;1
3088;0
3087;0
5764;0
8216;1
7831;0
5778;0
3075;1
7627;0
3073;1
3068;1
5780;0
5781;0
3060;1
3058;0
5782;0
5784;1
3051;1
5785;0
5786;1
3045;0
5791;0
3043;1
3042;1
3038;1
3037;1
5800;0
8556;0
5803;0
3027;1
5804;0
3025;1
8213;1
5807;0
5809;0
7621;0
5813;0
5814;0
3009;1
5817;0
3006;1
3004;0
5820;0
8559;0
5823;0
5824;0
2998;0
2996;1
2995;0
5825;0
5826;0
5831;0
7840;1
2987;1
2986;0
5842;0
2984;1
5843;0
5848;0
5849;0
2974;1
7845;0
2971;1
5859;0
2969;0
2967;0
7616;0
5860;0
5861;1
5862;0
2958;0
7615;0
5863;0
2949;0
5865;0
2944;0
2941;1
5866;0
2938;0
2937;0
2936;0
2935;0
5870;1
7614;0
2932;1
5874;1
2929;1
2926;1
7846;0
2923;1
2920;0
2918;0
2917;1
2916;1
2914;1
8575;1
7613;0
8212;1
5902;1
5903;1
5904;1
5905;1
5906;1
5908;1
5910;1
7610;0
2888;1
2887;1
2886;1
5913;0
5914;0
2881;0
2880;0
2877;0
2875;0
2874;0
2872;0
2871;0
5918;0
2865;1
7608;0
2854;0
2853;1
5920;1
5926;1
2846;1
2844;1
5927;0
5929;0
8578;1
5930;0
5932;0
2836;0
2835;0
5936;0
2829;1
2826;0
7606;0
5937;0
2817;0
7604;0
2814;0
5938;0
5940;0
5943;1
5944;1
2800;0
2793;0
2792;0
2791;0
5949;1
5953;0
5958;1
5963;1
5967;0
5972;1
5973;0
2770;0
2769;0
5974;0
5975;0
8583;0
5978;0
5983;0
5987;0
2758;1
7599;1
5988;0
2753;1
5991;0
5992;0
7598;1
5994;0
2742;1
2739;1
7851;1
2736;0
5998;1
6000;0
2733;0
6006;0
6007;0
2724;0
6008;0
6009;0
6014;0
6017;1
6031;0
7596;1
8211;1
6034;1
6037;0
2708;0
2707;0
2704;1
6040;0
7971;0
2698;0
2696;0
6044;1
2692;0
2691;0
6045;1
2687;0
2686;0
2685;0
6048;0
7995;0
6057;1
8210;1
2677;0
2676;0
2675;0
6063;0
6068;0
7591;0
2668;1
7588;0
2660;0
8594;0
6069;0
6072;0
2652;0
6076;0
2650;0
6078;0
2647;0
2646;0
2645;0
2644;0
6080;0
6081;0
6083;0
6086;0
8205;1
2626;0
6101;1
7586;0
2619;0
2618;0
2616;0
6102;0
6105;0
7853;0
8603;0
8604;1
6108;0
8200;1
7854;0
2591;0
8605;0
6128;0
2582;0
2581;0
6130;0
6131;0
6132;0
8198;0
2571;0
2568;0
8614;1
2563;1
6137;0
6143;0
6146;0
6148;0
2548;1
2547;1
7862;0
6154;1
6157;0
7585;0
2535;0
2534;0
2533;0
8197;0
6163;0
6164;0
2525;0
2523;0
6165;0
2515;0
2514;0
2512;0
6171;1
2509;0
2507;0
2505;0
7582;1
7581;1
7866;0
7580;1
6177;1
2498;0
2496;0
6178;0
8618;1
2492;0
6180;1
2489;1
6181;0
2485;1
6183;1
2482;1
2479;1
7576;0
2473;1
2472;0
6190;0
6195;0
8196;0
6205;0
7573;0
2461;1
2459;0
2458;0
2455;0
2454;1
2452;0
6207;0
6209;0
2444;1
6214;0
6215;1
6220;0
6222;0
2429;0
2428;0
6232;0
2419;0
7970;0
6233;0
8192;0
7868;0
7869;0
7876;1
6253;0
2399;0
6254;0
6262;0
2391;0
6271;0
2389;0
2388;0
6273;0
2377;0
6279;0
7561;1
6280;0
8043;0
6282;0
6285;0
6286;1
6287;0
2356;1
2355;0
6288;0
7878;1
8051;1
7997;0
6302;0
6312;0
6322;0
8184;0
6329;1
6330;1
2337;0
2336;0
2335;0
6332;0
7969;0
6335;0
8632;1
6337;0
2327;0
8636;1
6339;0
2322;1
6342;0
7543;0
6345;0
8052;1
6346;0
6350;0
7541;0
7883;0
2301;1
2300;0
6353;0
2296;1
6354;0
2291;1
6357;0
6362;0
2287;0
2286;1
2284;1
2283;1
6366;1
6376;0
2270;0
6377;0
6378;0
2262;0
2258;0
2255;1
6379;1
6380;0
8181;0
6383;0
6393;1
2243;1
2242;0
2240;1
6398;0
2231;0
2229;0
2228;0
2225;0
2224;0
2221;0
7885;0
6406;0
6407;0
6408;0
6411;0
6420;0
7966;0
2211;0
6422;0
6423;0
6425;1
6428;0
6430;0
7887;0
6436;0
6438;0
7520;0
6439;0
2195;0
2194;0
6441;0
7519;1
6448;1
2187;1
2186;1
2184;1
7889;0
8017;1
6458;0
2178;1
6464;0
6470;1
7902;0
2173;1
6486;1
2164;0
2163;0
2161;0
7515;0
6491;1
6493;0
2151;0
2150;1
2146;0
2144;0
2143;1
6495;0
6496;1
7507;0
6499;0
6502;0
2129;1
2127;1
7905;1
7506;0
6512;0
6513;0
7502;0
7965;0
6514;0
6515;0
2116;1
6516;1
2110;0
2108;1
6519;0
2105;0
2102;0
6521;0
8013;0
6530;0
6532;0
7961;0
6539;1
2089;0
6541;0
7998;1
2086;0
7493;0
6549;0
6552;0
4772;1
6553;0
2066;1
2063;0
6555;0
7769;0
6556;0
2055;0
2050;0
8652;0
4174;1
2047;0
2045;0
2044;0
2042;0
2040;0
2039;0
2037;0
6561;1
4172;0
2029;0
2027;0
2025;1
6564;0
2014;1
7483;0
6568;0
2009;0
2008;0
6570;1
6572;0
1998;0
1996;0
7916;0
8165;1
4171;0
1982;0
6586;0
6595;0
1969;1
6596;1
6598;0
7480;0
6599;0
7479;0
1963;1
6600;1
1959;1
1957;0
4170;1
6601;0
6603;0
1953;0
1951;0
6604;0
6609;0
1945;1
7473;1
1942;0
1941;1
7471;0
1938;0
8058;0
6611;0
1935;0
6612;0
1929;0
1928;0
6617;0
7918;0
6619;0
8668;0
6620;1
6622;1
6630;0
1912;1
6632;0
4169;0
1907;1
1906;0
6639;1
4166;1
6643;0
1901;0
6645;0
6648;1
6655;0
6656;0
6661;1
1888;1
1887;1
1886;1
1882;0
4779;1
1879;0
1878;0
4780;0
6679;0
6681;0
7921;0
6685;1
6686;0
1865;0
6687;1
1860;0
1856;1
6688;1
7922;0
6693;0
8672;1
6699;0
1844;0
6700;0
7455;1
1839;0
1837;0
6704;0
7454;0
8675;0
1829;0
6705;0
8150;0
1823;1
4160;1
6710;1
6713;0
1819;0
6714;0
6715;0
1810;0
1807;0
1805;0
1804;0
1801;0
1794;0
7452;1
6719;0
1789;0
7450;1
6726;0
7449;1
7448;1
6733;0
6737;0
6738;0
6753;0
1767;0
6760;0
1763;1
6767;1
6778;0
6787;1
1756;1
1749;1
1748;0
4155;0
7445;0
4154;1
7443;0
4151;0
6794;1
8691;1
8061;1
6797;0
6800;0
6801;0
6803;0
1720;0
1719;0
8696;1
1711;1
1710;0
1706;1
6805;0
7923;0
8133;0
6813;0
6814;1
1695;1
6818;0
6819;0
1692;0
6820;0
6824;0
7435;1
1679;1
6825;0
6826;0
6833;0
6834;0
6835;0
1669;1
6836;0
4150;1
6837;0
6842;0
6844;0
4147;1
4782;0
6845;0
6851;0
6854;0
7434;1
6856;0
6858;0
6859;1
6868;0
4145;0
6870;0
7432;0
6873;0
6877;0
6878;0
7429;1
6880;0
1619;0
1617;0
6882;0
6885;0
6886;0
6887;0
1605;0
8712;1
6888;0
1599;0
7428;0
6893;0
7427;0
7717;1
6894;0
6897;0
8716;0
8718;1
6900;0
6901;0
7956;1
6903;0
4787;1
6911;0
4796;1
6916;0
8011;0
6919;0
6920;0
6921;0
6922;0
6926;0
6931;0
8721;0
6935;0
4138;1
6940;0
6942;0
6946;0
6953;1
6958;1
7929;0
4797;0
6969;1
6971;0
7421;0
6974;0
6976;0
7418;0
7417;1
7415;0
6984;0
7933;0
7934;1
8106;0
6991;0
6994;1
8098;1
8729;1
7001;1
7007;0
8097;0
7017;0
7935;0
7021;0
7031;1
7034;0
7037;0
7038;0
7040;0
7044;1
7412;0
4133;1
7408;1
7047;0
7048;0
7049;0
7940;0
7941;1
7057;0
7063;0
4803;1
7070;0
7071;0
7073;0
8092;0
7083;0
7088;0
7407;1
4806;0
7091;1
7403;0
4128;1
8738;1
7400;0
4126;0
4125;1
4807;1
8429;0
7398;0
4115;1
4108;1
4105;1
4808;1
4100;1
4097;0
4816;0
4088;0
7950;0
4818;0
4082;1
4823;1
9040;0
9041;0
4826;1
7389;0
4831;1
4077;1
4076;1
4834;1
4837;1
7385;1
4072;0
4842;1
9065;1
7770;0
7773;0
7976;1
4059;1
4055;0
4858;1
4865;0
4867;0
4047;1
4868;0
4045;0
4044;1
4042;1
8752;0
4869;1
8062;0
4870;0
7777;0
4034;1
4033;0
7987;0
7379;0
7374;0
4030;1
9122;0
4883;1
4891;0
4025;1
4024;0
9131;1
7373;0
7372;0
4893;0
4017;0
9139;1
7370;0
9144;1
9146;1
4894;1
9150;1
9156;1
4898;1
7368;0
7367;0
9160;0
7365;0
9161;1
4902;1
7364;0
7360;1
4003;1
4903;1
3998;1
7357;1
3994;1
3991;0
3989;0
4908;1
9186;0
3987;0
4913;0
9189;1
9192;0
9195;1
4921;1
8454;1
7356;1
9198;1
9209;1
4923;1
9217;1
8338;0
7353;0
3975;1
9225;1
3974;0
7352;0
9234;0
7714;0
9238;1
9242;1
3970;1
9245;1
8458;0
7348;0
9248;0
9254;1
4931;1
9258;0
9261;0
9264;0
7712;1
9265;1
7347;0
7780;1
3957;0
9284;1
4937;0
3953;1
7346;0
9302;0
7345;0
7341;0
7338;0
9304;0
3950;1
7337;0
9314;0
3949;1
9319;0
9320;1
9325;1
3948;0
3947;1
4545;1
3945;0
9335;1
9338;0
7781;0
7335;0
3941;0
9347;1
4944;0
3938;1
9356;0
9358;1
3937;1
7710;0
8794;0
9364;1
3929;1
4967;1
7783;0
4977;1
4981;0
3920;1
9382;1
7334;0
4985;1
3915;1
3913;0
7333;0
3912;0
9395;0
7331;0
4989;1
5000;1
5020;1
7708;0
5021;1
5022;1
7330;0
5024;1
3898;1
3897;1
9438;0
9439;0
5029;1
9440;1
5036;0
7326;0
3891;1
5037;1
5042;0
5043;1
9475;1
3882;1
9480;1
8461;0
7325;0
5050;1
3875;1
3874;1
7322;0
3873;1
7321;0
5053;1
7320;0
8463;0
3867;1
3866;1
9514;1
9515;0
9516;1
5054;1
3862;0
3857;1
9534;1
7319;0
9535;1
9538;1
3856;1
7312;0
5057;1
5063;0
5066;1
3848;1
9559;1
7311;0
9562;1
5074;1
7310;0
9564;0
7308;0
7307;0
9569;1
7306;0
7305;0
9570;1
9577;0
3841;1
9580;0
3839;1
5075;0
9591;1
9594;0
9600;1
9602;1
9603;1
9604;1
9605;1
9606;1
3834;1
5081;1
9613;1
5086;1
7299;1
9620;1
5087;0
9624;1
8848;0
7946;0
9625;1
9627;1
3828;1
5097;1
5099;1
7293;0
9646;0
5100;1
9654;1
5104;0
7285;0
9668;1
9669;1
9671;1
8064;0
8065;0
5105;1
9674;0
9675;0
3809;1
8314;0
8066;0
7275;0
7794;1
5126;1
5128;0
9692;0
5130;1
3795;1
5144;1
5150;1
5152;1
8483;0
9727;0
7272;0
9729;1
9731;1
8857;1
5153;0
5155;1
5160;1
9752;0
5161;0
9756;1
9763;0
3770;0
8862;0
5166;1
3764;1
3762;0
9788;1
3761;1
9801;0
3760;1
5167;1
9808;1
9812;0
5175;1
7795;1
5185;1
9815;1
8071;0
5186;1
9827;1
5187;1
7263;1
5188;1
7703;0
7796;1
7255;0
7798;1
3724;1
9853;1
3721;1
3719;1
3718;1
9867;0
9869;0
7253;1
3714;1
3710;1
7250;1
7247;1
7246;1
7244;1
3708;1
3703;1
5198;0
5201;0
8080;0
9882;0
9885;0
3700;1
9887;1
9889;1
8877;0
9890;0
8880;0
9892;1
7241;0
7237;0
7236;0
8884;1
3698;1
3697;1
3696;1
7235;0
7234;0
3695;1
9903;1
9904;1
3692;1
7231;0
9919;0
5211;0
3687;1
7227;0
8889;0
7224;0
9931;0
5213;0
7799;1
7988;0
7221;0
3680;0
5225;0
7702;0
5226;1
7801;0
3666;1
8304;0
5242;1
3658;1
3655;1
9955;0
3651;1
3649;1
3646;1
9963;0
5245;0
9966;0
3643;1
3641;1
7216;0
5250;0
3634;1
9978;0
5251;0
8913;0
7802;0
3626;1
11438;1
11579;0
11648;1
11683;1
3623;1
11986;1
8916;1
13310;0
3622;1
7214;0
13748;1
13749;1
3621;1
3620;1
15412;0
15931;1
8925;0
15933;1
3619;1
5256;0
3613;1
3609;0
15943;0
7208;0
3608;0
3607;1
7699;0
8929;0
8934;0
7207;0
7206;0
3603;0
5259;0
15964;1
5262;1
5266;1
15969;0
7205;0
15971;1
5270;1
7203;0
3595;0
7202;0
7974;0
7201;0
3589;1
7692;1
7199;0
3585;1
4544;1
4543;1
4542;1
4541;1
4540;1
7747;0
4536;0
4535;0
4533;1
8389;0
4531;0
4530;1
4547;1
4548;1
8939;0
4519;0
4518;0
7744;0
3580;0
7743;1
7195;0
7748;0
4554;1
4555;1
4560;0
7193;1
4505;1
4504;0
4502;1
7749;1
8493;0
8400;1
8387;1
4569;0
3576;0
4571;0
4572;0
8386;1
8084;0
8088;0
7751;0
4578;1
4484;1
4480;0
5272;0
4479;1
4478;0
8384;1
4582;1
4583;0
4585;0
4467;0
8373;1
7752;0
4457;1
4453;1
3573;1
4596;0
4597;0
4601;1
7165;0
7162;0
7160;0
7738;1
7154;0
4602;1
4436;1
4434;1
4433;0
4432;0
4605;1
7689;0
5283;1
7736;0
4608;1
4425;1
7153;0
7151;0
8949;0
4609;1
7754;0
7735;0
7731;0
4615;1
7150;0
4415;1
3560;1
7761;1
4617;1
4408;1
7149;0
7148;0
4406;1
5284;1
4621;1
4622;1
4624;1
5295;0
4400;1
5306;0
7730;0
7762;0
7763;0
4394;1
4629;1
7147;0
4392;1
4390;0
4387;1
4382;1
7982;1
4638;0
5308;1
4645;1
4649;0
4376;0
8970;0
4374;1
8972;1
4373;0
4372;0
4370;0
4368;0
4367;1
7145;0
7764;0
4364;0
4363;0
4362;0
4361;0
4360;0
4657;1
4357;1
4356;0
4658;0
4660;1
4352;0
5313;0
4351;0
4350;1
4345;1
3541;1
7144;0
4343;0
4341;1
7143;1
7139;0
4339;1
4338;1
4337;1
7138;0
4334;1
4332;1
4331;1
3536;1
4661;0
7137;0
4325;0
4320;0
5316;1
4662;1
4663;1
4317;1
4664;1
4313;1
7943;0
4312;0
7132;0
4667;1
4310;1
7131;0
7728;0
4676;0
4304;1
4678;1
4679;1
4685;0
4687;1
7130;0
7727;0
4295;0
4688;1
7725;1
8979;0
4690;1
4694;1
7125;0
4285;1
4696;0
4697;1
4281;1
4280;0
4272;1
7117;1
4271;1
4269;1
4267;1
4265;1
7724;1
5321;0
4699;1
7109;1
4259;0
4258;0
4700;1
7766;0
7723;1
4253;1
4711;0
4714;1
8089;0
4248;0
4717;0
4721;1
7721;1
4722;0
8984;1
7720;1
8985;1
4727;1
8986;1
4230;0
4728;1
4729;1
4733;0
8090;0
4739;1
4215;0
4213;0
8993;1
5327;0
4743;1
4211;1
4210;0
4208;1
4745;0
4206;1
7719;1
4748;1
4749;1
7100;0
4198;1
4189;1
4188;1
4187;1
7096;1
5329;0
7095;0
4186;1
7768;0
5330;1
4754;1
4756;0
4757;1
7537;0
